T.cells	NK.cells	B.cells	Plasma.cells	Myeloid.cells	Endothelial.cells	Fibroblasts	Schwann.Cell.Precursors	Cluster.1	Cluster.13	Cluster.14	Cluster.15	Cluster.16	Cluster.17	Cluster.18	Cluster.2	Cluster.21	Cluster.3	Cluster.4	Cluster.6	Cluster.8	Cluster.9
SJBALL031914_D1	0.0304193577620402	2.79681017955539e-08	0.457761712588667	1.91417263404642e-06	0.0038563762057968	0.167653154451281	-3.07179493978505e-21	0.0110892054127399	-2.34769750593553e-17	8.05689133577335e-05	0.000156102064975192	-3.55132172452311e-18	0.317682024786555	0.000144024818982423	0.00057972943789139	-4.81650563508192e-18	0.0105758014169769	4.96183719223168e-18	9.1694082543652e-18	2.9100496193576e-17	4.17530804498317e-18	6.92073579655726e-19
SJBALL031914_D2	0.00255115003378127	1.20968300383061e-20	2.31186017956258e-20	-9.26224291275701e-20	0.000527149072332564	0.0368462163798485	0.00262903103770912	0.0153347238964498	8.11130307198347e-19	0.112782030638623	0.000639127634515815	1.24548022883138e-19	0.212097929836562	0.204971292519351	0.303864678668586	2.28885113259939e-18	0.0201962534944982	0.087560416787742	-8.05683147694555e-20	3.41430320116644e-18	-1.50597062288669e-18	-1.97502299531711e-18
SJBALL031914_D3	9.88210882080986e-20	6.16286494979501e-20	1.25866570251362e-19	-8.26036703020355e-20	9.35358915144752e-21	0.0369727734616824	0.0520758119630492	0.0427305022962204	-1.16005080229124e-18	0.083886531410554	0.000816800836082933	7.35373924206464e-05	0.227211102181399	0.136173272633199	0.327403507781953	0.0237189375950478	0.00011166015367758	0.0688255622947143	1.81113164548701e-18	2.74512391920735e-18	-2.09460394903009e-18	-8.05192245792289e-19
SJNBL030002_D1	-3.107885754382e-19	-1.72977959553985e-20	-2.11736809743066e-20	2.4638456245626e-20	5.22652687081033e-06	0.101839477552364	0.298363483950538	0.117146443742835	-5.81325966826763e-18	0.0033552730449109	0.000511271979758004	3.34062777157136e-06	0.115716444554223	0.0496953214391192	0.296258740611658	-1.44417551484227e-18	0.0171049759699514	3.61153358705272e-19	7.04251644862704e-19	2.66074454543537e-18	-6.64216222291705e-19	2.79974387637012e-19
SJNBL030003_D1	0.00185055579179644	3.97655047782512e-20	1.04720058139258e-05	-2.02248174482232e-20	0.0139436762821969	0.0539176204701008	0.0792981160762238	0.0584050088598302	8.49801847517818e-20	0.0871630222031909	0.000481530028576144	0.124545674307472	0.0444302859950643	0.14346040348491	0.351210102623736	1.68905793357295e-19	4.16638922618664e-05	0.0412418679788262	-1.77871331332852e-17	-3.95928625701392e-19	2.07441214988179e-18	-9.95428254989751e-20
SJNBL030014_D1	1.9027764319121e-19	-2.93315138168974e-20	9.78513265042787e-20	-1.53779591908276e-20	0.0115586842121577	0.0659653196879227	0.0777953555282726	0.0491870532954781	-3.5375033730651e-18	0.10203761915685	0.000683643094272568	0.000148434075140907	0.0484313886850846	0.183041212984386	0.386130996425728	5.51518726632583e-19	0.000217478393261676	0.0739735172594056	4.05122319952442e-18	-3.76641373258379e-19	-2.32804627361083e-18	0.000829297202039363
SJNBL030096_D1	3.188932719097e-05	9.26948359486305e-21	0.000131456189817384	0.00246447389924757	0.0100156632458693	0.067625348894679	0.0596080168915988	0.038335576694542	-9.36722677284777e-20	0.0407306244362579	0.000889420251746684	0.0249450005965508	0.180534213530307	0.0954766447248438	0.337899326809125	-1.74908481187287e-19	0.000235926508743264	-9.40575708599825e-19	0.000759121341681056	-4.20708044668941e-18	-2.37092518275271e-19	0.1403172966578
SJNBL030107_D1	2.03460804711989e-19	1.56279202696624e-19	2.05736483553285e-19	3.34538231190176e-20	7.1559423017314e-21	0.0556851766220583	0.0257790207188067	0.0216034468787537	9.830214228226e-18	0.111564403744489	0.0535273577602949	1.64533536984996e-18	0.366108675134091	0.081005633776274	0.171259912335915	1.25819784481221e-19	0.0211343348204818	2.82630598878776e-19	0.0881640838227596	-4.9340241393047e-18	-8.73169635712662e-20	0.0041679543860751
SJNBL030147_D1	0.0311728645363945	-9.0201652134032e-20	0.019565689183769	0.00109250785446812	0.0263517299576874	0.0592066899144577	0.0780198780680634	0.0883487879315747	-1.33286835963054e-18	0.0717528586285265	0.000928891344447717	-2.10915717747665e-19	0.220036300525065	0.112651295890499	0.231012860353911	4.66747144911826e-18	0.000304750968860991	0.0595548948422752	-8.80088841928688e-19	1.3570563835451e-19	-2.63587051693744e-18	3.561403297394e-19
SJNBL030152_D1	1.37483717808479e-19	3.18328590726113e-21	-5.18039991681833e-22	4.06273702671373e-20	0.000370134627363137	0.062678983832706	0.0414602908869717	0.0487855782911965	6.22173896843762e-22	0.198770061837118	0.000294002458675787	0.0205700395188971	0.0765522264106289	0.130800275280532	0.40204611278433	0.00480619475256546	0.0127985974064558	6.75019125595786e-05	-6.69911339182705e-18	-4.37548180604275e-19	1.50037950772194e-19	-3.98328325941617e-20
SJNBL030158_D1	1.29163094020522e-19	-5.79799758978425e-20	-2.69382933639861e-20	7.33771861475436e-20	-4.21819746613886e-19	0.0260025922992304	5.78693245460411e-19	0.0228716389388261	3.54076907564678e-18	0.0997784153028525	0.000497503842793682	0.0203278532642916	0.106908627283166	0.101474969798292	0.418334153009657	8.98674249895432e-18	0.140003425270042	0.0638008209908472	2.02101296906864e-19	3.86198559111491e-18	6.18264221189929e-18	-4.04435822544496e-19
SJNBL030177_D1	-7.12521454973382e-20	-1.07203780208798e-19	7.86268535172261e-21	-1.72005054369995e-20	2.19018877838412e-19	0.0413797415028157	0.0387301826221544	0.0437765982154668	-2.80739363529171e-18	0.00207559209944038	0.142508519296827	-1.3236945896835e-18	0.254897417678029	0.074889409856907	0.225614584078104	2.68365444366884e-18	0.157999878291207	-4.54859192902633e-19	0.00916147311730274	2.25834073546825e-18	-4.10162396770506e-18	0.00896660324174621
SJNBL030203_D1	7.0563501824843e-19	2.63662883006302e-19	1.93622775873387e-07	1.64231756586081e-20	0.00587114201474209	0.132693328329664	0.298059323654839	0.156077532687522	-2.55223410224641e-18	0.00544568619004888	0.00132156148240745	-1.57699227489329e-21	0.213773263991964	-3.62623476491737e-19	0.186567736873337	6.01284710274037e-19	0.000190231152699447	-5.62863120477148e-18	-2.45052045353323e-18	-3.62292729134189e-18	8.46233386642424e-19	1.14140863829751e-19
SJNBL030224_D1	-2.92146836717823e-19	-1.89729224095935e-19	1.83386276503087e-19	4.23072749530869e-20	0.00527668618569116	0.0651178799102857	0.0235453332404932	0.0291327748311897	-4.85550167071854e-19	0.135721943547949	0.000737568127102319	2.49758383316929e-18	0.23117064030998	0.134508001355122	0.351290206021084	-8.37584254965192e-20	0.0231955975605678	0.000303368910535683	-6.69009786770283e-18	1.78549811349462e-18	-3.90666264310302e-18	9.91414039460254e-19
SJNBL030259_D1	0.0145263706428915	4.0578355183995e-21	0.00865338033002501	9.99556970080275e-21	0.00964915694359186	0.0549693451483362	0.0543418211836256	0.0445493109697867	-6.83809722503145e-18	0.114120594927134	0.000615284527491764	7.72424196276826e-05	0.0797829757123581	0.105403129426896	0.415363368322496	-6.50007989188214e-19	0.0241613876596362	0.0737866317861032	-3.40732239763613e-18	7.9173908437343e-18	-8.40672813302161e-18	-6.06361847792226e-20
SJNBL030307_D1	0.00108192309096555	1.07413499392493e-21	0.0019393087822327	2.66754765273232e-20	1.00185673459989e-20	0.0527921400881463	0.0196516816496153	0.0118393033205323	1.50073447518029e-17	0.141216530281884	0.000595585634906051	0.0753216321782726	0.174821807752056	0.0966589731669851	0.394497398809135	-6.90617956104587e-18	0.000221701604867916	0.0293620136404007	-4.84635557830124e-18	-5.79364470701733e-18	1.408903937682e-18	2.50056817986803e-20
SJNBL030309_D1	-5.55964156337975e-19	1.16014259632426e-19	-3.70227859360694e-20	6.96979405232152e-21	1.97103504971372e-05	0.0526225654212591	0.0137158050821672	0.0375095140812377	3.06663929913072e-19	0.0808231137622907	0.000864917289119799	0.123924275835796	0.173308111451815	0.144331572245172	0.362275200784786	-1.89712628186527e-18	0.000260999598505707	0.0103442140973531	5.77213905609297e-19	3.30382583454564e-18	-1.52043388700242e-18	-3.42970361832085e-19
SJNBL030339_D1	2.66935543505977e-19	6.73665139634215e-20	1.05804662212703e-20	2.35666352182941e-20	0.00676853392894071	0.115845245729902	0.0338146418446522	0.0180025338036126	-1.64664493086518e-18	0.0709444088006563	0.000506777814802124	0.105551678866106	0.22604651147858	0.0304217819238682	0.275750025838613	0.116258415530437	8.94444398290507e-05	2.12152491677492e-18	3.20173440901089e-18	-1.70368733803398e-19	-4.44868751746928e-18	-3.37583686751234e-19
SJNBL030342_D1	0.00616589616963943	-1.05425757697573e-19	0.00606898721871748	-4.08637435647539e-21	0.0472195572886951	0.122718772340882	0.0726041863721695	0.548591716879182	5.55257812423598e-18	0.00640696993763784	0.000839575613535063	-3.84315825650236e-19	0.106983051948745	0.017428710835755	0.0648124585964732	3.23300928846674e-18	0.000160116798568061	7.04882423215435e-19	-8.84505835814922e-19	-6.71366776746244e-18	9.34561558894699e-19	4.35595892914212e-19
SJNBL030513_D2	6.89329321343951e-19	0.000115593012366835	8.30265344304848e-20	-7.09408836331729e-22	0.0062943895400507	0.128597121165923	0.120384637236972	0.144757385289209	4.19536972435415e-18	0.0523369206965645	0.00113485028230637	0.0120215243207205	0.206475606963109	0.0553307757023093	0.271974340170658	0.00046215409591129	0.000114701523899084	6.62665933357945e-18	-9.62966705368203e-19	7.32756124746523e-18	1.36106820580718e-18	-3.72729663733836e-19
SJNBL030555_D1	1.41041843848073e-19	-9.79284592006186e-20	0.00269307068498001	9.15503904446296e-21	2.85638232864264e-19	0.109715365447424	0.0586369040565683	0.0389777097018818	-5.66628617512105e-18	0.0509310223975403	0.000878980406843088	6.41021755361317e-05	0.259979769083788	0.085794138474018	0.30164294349044	1.20486400401773e-18	0.0902966156710647	0.000389378409915265	2.23705341663656e-19	6.39565140400149e-18	1.68851750808461e-18	-3.72542829424563e-19
SJNBL030641_D1	0.000136633934001396	-6.91233296726511e-20	0.010188432897899	0.00436455649914544	0.00885351799354395	0.0895663962849887	0.107549893313363	0.052425402364168	-1.20088318166521e-17	0.0674041690829226	0.000711702759118893	0.000168053372383283	0.234821033396008	0.181953255081247	0.224923606197213	1.08750821898331e-18	0.0164742742784685	0.000459072545529812	2.71358042789638e-19	1.09368231211231e-18	2.2938859437187e-18	-6.77888385397616e-19
SJNBL030721_D1	0.10680100688033	0.0171757493333472	0.145808965113267	0.0124687544070876	0.0623812318797001	0.114909252424294	-8.1591803296733e-20	0.0417467026898346	-2.38109630567053e-18	0.0057788999089994	0.00107852409605803	-1.24700826509407e-18	0.397466382891026	0.000923119628675902	0.0660103481349129	-5.33763418758879e-19	0.0274510626124681	2.36195398495166e-18	7.1558727870323e-19	7.78245181490415e-18	-1.97722970011189e-19	-2.23305106146995e-18
SJNBL030749_D1	0.00732869751656842	-1.90502397223511e-19	0.00506381346741532	2.11429097622152e-21	0.0147425244786098	0.130927673332338	0.132427727431002	0.432218190287972	-1.4426851679122e-17	0.00210443355717434	0.0013905106839992	-1.9583513900156e-18	0.193838049823281	3.85588627282853e-19	0.079917529238472	2.32052321633976e-18	4.08501831678739e-05	-2.15226409152297e-18	-1.29971020334533e-17	2.70871700021102e-18	-1.60955368788148e-18	-1.33780735317587e-19
SJNBL030749_D2	7.37468020587505e-19	-2.71969827961018e-19	0.00187450642649211	0	1.89949780571166e-20	0.0437303068244093	-3.87921621376972e-20	0.0111572641693404	-4.62271710551211e-18	0.0649885566874656	0.00154095304227563	0.00109217085986997	0.463597135955209	0.143255426981736	0.230847847214517	1.81401374180428e-19	0.0379158318386853	3.94749008282769e-19	7.19416129813501e-18	9.21066816323802e-18	2.54086671973031e-18	-1.43065285160283e-18
SJNBL030758_D1	7.92174185161459e-19	-7.75944197852039e-20	2.14854650865003e-05	2.31022987320533e-20	0.0226952188304753	0.0630837442366877	0.0880002225820735	0.185141656953907	-5.58439679920526e-20	0.0419732523012896	0.00135031217461679	0.00099072090201049	0.158139205146507	0.0701169024533899	0.298591611126036	0.0694393509514694	0.000456316876451221	-1.81327614593469e-18	-6.75080536872678e-19	-1.36097862859797e-18	-1.04634578028516e-18	-5.62320091610949e-19
SJNBL030793_D1	2.09713452786642e-19	-1.84306384086623e-20	1.82427274867494e-19	0	-1.12181368282463e-19	0.0704088374090799	0.0104946327982715	0.0452181621633161	-1.44844073483639e-18	0.156779671031923	0.000781620898670207	0.0145250831359081	0.228973444477483	0.086658300571707	0.376587148570973	7.74758492336808e-05	0.000153984801597213	0.0093416382918372	2.34411863175804e-18	3.41545216512649e-18	-1.28979709359055e-18	4.40051045582979e-19
SJNBL030793_D2	0.000949364071846355	0.000488928562883106	-1.99645488205637e-20	-6.01785839682806e-21	0.00350045632711068	0.0839065295739398	0.124818084456122	0.0829051196107474	-4.5739730817188e-18	0.068563834671087	0.000598484343731014	0.00519552941540915	0.197193117217285	0.063361284049578	0.363146072385042	0.00527477857257051	9.84167426480925e-05	3.79646477045167e-18	-4.97160317630859e-19	-5.11651420041658e-19	-2.98402585565416e-18	3.39525407449402e-19
SJNBL030810_D1	0.0344910121254618	4.06211562735556e-20	0.0118085936470456	-4.52526352094775e-20	0.0028867152236389	0.0228249150572186	-1.80521701583813e-19	0.0113563215803437	-4.59700695287307e-18	0.112534740005446	0.000954898152193548	7.33850685727127e-19	0.25243726905209	0.22571899606907	0.275724264788502	-7.40430311462481e-18	0.0217905124732932	0.0274717618256961	6.17500858232443e-18	1.02486932640947e-17	4.69155104553633e-18	1.00238607560971e-18
SJNBL030810_D2	2.11084555218227e-19	-2.43502362738223e-20	-4.55965493982739e-20	-8.16696478032487e-21	0.00525782339019676	0.0752307981350148	0.126165624247965	0.204787460003288	-6.33805475265996e-18	0.0706907541069457	0.000998242823247525	0.000418124037415124	0.200260383373587	0.101874978681637	0.211461001924529	-1.13187047881193e-18	0.000151961053680967	0.00270284822249383	-3.79184858813665e-18	-2.11543759811226e-18	-3.91682970712107e-18	1.36153498241532e-18
SJNBL030820_D1	-1.68997241281076e-19	-9.36364279552224e-20	1.50049704102387e-19	-4.6453984398658e-20	5.04138273382097e-20	0.10060546120885	0.112480211174699	0.0637139225489176	3.30395664643219e-18	0.0660905354092439	0.0445549861064605	-1.9402192091281e-18	0.381862440723558	0.0339783462714098	0.150256101349875	-1.57315577691485e-18	0.0464579952069861	-2.03552478366658e-21	9.07905716222527e-20	-9.25937479631842e-19	-1.0602728626983e-20	1.23549377977074e-20
SJNBL030842_D1	1.46948737484596e-19	-1.13202098065701e-19	0.00106817482602434	-2.37297033223384e-21	0.00245865211978439	0.163902076787715	0.646988497215763	0.131948727114056	4.55580111260976e-18	0.000527447501040753	0.000287640011184752	-3.66966056533515e-18	0.0521108630524765	8.63749429573805e-19	0.000579070460885925	-1.75544005027397e-18	0.000128850911069051	4.07755722501529e-18	7.19539968996525e-18	1.27275778801268e-18	-5.11151310648651e-19	-2.80341688191666e-19
SJNBL030875_D1	0.002158682669191	1.29560029689589e-19	-1.26086098108982e-19	-9.50688223697993e-21	0.0100258635215701	0.0752999143865125	0.0969523659753586	0.249126917417873	-4.33233606466735e-18	0.0577165869546084	0.0013491720378644	0.0310114194313747	0.152487354200073	0.0683507016954379	0.255521021710136	-2.31267641743005e-18	3.73884724853015e-18	1.46091285359903e-18	3.21943771274342e-18	-2.0693499065106e-19	5.18388966608268e-20	-2.0174518598577e-19
SJNBL030882_D1	-3.20475797852921e-20	-2.46324827125706e-20	1.91050873189342e-20	3.01619887619835e-21	0.00198599028365507	0.0500389341286814	0.0508757260014957	0.0414100449993185	-2.67630129503289e-18	0.161511620156401	0.000596481138037672	2.4394768044629e-05	0.117531383505295	0.138283197335585	0.397121752656789	-2.77899291755305e-18	0.000163861266322678	0.0404566137603744	1.03054385008106e-18	-3.43368248935898e-18	-2.22171252668674e-18	-5.38116210539618e-19
SJNBL030917_D1	0.00187997828479818	0.00202487843715336	0.00495391786192332	8.10711614465981e-21	0.0172849070009135	0.162841138399657	0.277946063084522	0.0719213864078946	-1.83697238626103e-18	0.0324521413393661	0.00122816618493963	0.000193279851343732	0.167876035088723	0.0435844367636712	0.215686280157747	-2.30931563105236e-18	0.000127391137347486	2.95225726426482e-19	1.37936003281157e-20	2.83461766563381e-18	4.93216834587956e-19	2.21215990563481e-18
SJNBL030925_D1	0.0088865846725099	0.000504321379918624	0.00590295561458034	2.02108059451101e-21	0.0275891618968272	0.163204948053526	0.302922120161748	0.288198283810342	-1.72560277262938e-18	0.0010422546502563	0.00105991270029341	1.0022433483188e-05	0.101958396345591	0.000237132054118639	0.0982305298343734	-2.16179092431347e-18	0.000253376392430998	2.10615738963064e-18	1.68752259307206e-18	8.28000749553334e-19	-3.00866440789882e-18	-4.54370784391293e-19
SJNBL030955_D1	0.00662690044944341	7.131002857779e-05	-9.77657913830764e-20	-2.74350000806321e-20	0.039778744339014	0.0773626984835427	0.158521352487219	0.0602083506676739	-2.45910152140488e-18	0.102039606433655	0.00143347511004794	0.000159665393486478	0.215310638853114	0.0449319490103679	0.293499648229667	-1.35804824875347e-18	5.56605141902729e-05	-3.87800719939728e-18	1.04003403890044e-18	3.99076464917451e-21	-2.16389799210292e-18	-1.24997933180151e-18
SJNBL031053_D1	3.98638848727017e-05	-7.80037610551858e-21	6.56351712883209e-20	2.25105096732949e-20	0.00170921372177353	0.0245015242220829	0.00224900864001251	0.0285304938955839	-5.9410787791417e-18	0.191942166449496	0.000526105785203209	0.00490471045058084	0.162267728934905	0.171996165102483	0.323569654976871	2.15636855270113e-19	0.000142303955045097	0.0876210599810905	4.32369223423602e-18	5.8921178692118e-18	8.17588010147463e-18	-8.14176440086011e-19
SJNBL031070_D1	4.65940283698029e-05	0.00024588565409077	7.5451708925298e-20	2.26056570688872e-21	0.0101517443370576	0.131870699329968	0.119471325188253	0.0778435340990342	-1.74390417945595e-18	0.0818388146134048	0.000559970078642107	0.000839763048231079	0.0779936476651154	0.0487379683466097	0.427800647273039	0.0223271523738695	0.000272253964314271	4.35352310358775e-18	1.48473178898529e-18	7.10418908778126e-18	-6.76265694360145e-19	-1.50754031725149e-19
SJNBL031145_D1	0.000443283048948655	5.79235030558221e-20	-4.76103310846979e-20	6.09865245136368e-05	0.00864865382032826	0.112762664708481	0.207236413333693	0.0196868183641901	-1.70673538202621e-18	0.0798828270242399	0.000661792176443635	0.00022866665335954	0.196621605065293	0.0807795025188164	0.262531660929318	0.000473125034308311	0.000112944029212981	0.0298690567688532	-1.73771202942395e-18	5.59256579433136e-19	3.5216131550547e-18	-7.79107370469332e-19
SJNBL031228_D1	0.0042778247994236	-1.1871712933999e-20	0.00109546425491453	-4.40565527781086e-22	0.0187313375231356	0.115193714873492	0.0860108135451927	0.328980248195222	6.60492105608746e-18	0.070176569289017	0.00160481475540331	0.000545520135618404	0.227786660909309	0.0217609267647774	0.123574230520853	7.35873168151336e-18	0.000261874433641235	-9.32897775666671e-18	2.62681445403199e-19	8.46778639553162e-19	-1.64598421268226e-18	8.53175664795043e-19
SJNBL031239_D1	7.93587858939769e-19	-5.16717015913155e-20	4.30696881755021e-19	-3.0643013052204e-20	5.65824613169338e-19	0.0695633710531288	0.0103224757437134	0.0407714599891237	1.97300461314152e-17	0.0989547695284386	0.0795437924086286	4.24595401586755e-19	0.343819895803215	0.172840646991825	0.0951444236190267	-1.62846738626227e-17	0.0492273168125057	3.55994652525076e-18	0.0271922097101319	5.32718550950681e-18	2.93803451944064e-18	0.012619638340262
SJNBL031246_D1	0.00200153753892954	-1.17098246307706e-20	0.00792917646429783	0.00049949347392881	0.0174746474935745	0.110633070515006	0.097952394363911	0.144013624465849	1.30016303398895e-17	0.0564879862753273	0.00155306736426848	1.87121197089913e-18	0.282222420064615	0.0611191582758287	0.211589010404155	1.96736480893634e-18	0.00628316672084078	0.000241246579467779	3.32346699700839e-18	1.33541833601679e-18	2.3790642679196e-18	-2.47870812305214e-19
SJNBL031261_D1	4.84473881365827e-19	-8.042485681561e-20	1.19429261686168e-19	-6.80903113747574e-23	0.0019630992842332	0.0651698717100798	0.133508375903789	0.113765241305701	-3.84280211044548e-18	0.0864887814852852	0.000871942187811201	0.000688719087624363	0.147046425546082	0.112936661938579	0.33104434931313	0.00636786921440958	0.00014866302327583	1.41132250120479e-18	7.9430376667736e-19	-3.71596722714065e-18	2.0710888510613e-18	-4.6962193784228e-19
SJNBL031277_D1	9.5051802986595e-19	-1.2954802499363e-19	1.66804342118215e-19	1.99206991692592e-22	1.02160259084812e-19	0.0479543678238718	0.000938198441188231	0.0173098642348369	2.10445987794415e-17	0.197594905344064	0.00068360263833273	0.0847142744341215	0.181765807245421	0.136096710112458	0.326672692297014	4.01144006618743e-18	0.00626957742869202	-6.29132772538022e-18	6.6539896183687e-18	-1.66251188788879e-18	-8.26380745683954e-18	1.40001910066857e-19
SJNBL031338_D1	4.58174676772583e-19	7.66126637001339e-20	7.52696927288297e-20	2.10901398545406e-20	1.43089887105259e-19	0.0191648227740919	0.00674962194538169	0.0572241075616879	-3.41035312977607e-18	0.120580147347792	0.000616601444923958	0.000166195450193501	0.146795965868006	0.148337414935976	0.449193589339563	-6.49239832936723e-19	0.0347373270304309	0.0164342063019546	3.89768020185838e-18	-2.33684931197719e-18	1.07398505402902e-18	-4.88740508098193e-19
SJNBL031497_D1	7.90553735730926e-19	4.05971406770602e-20	1.14264474656584e-19	1.05130508185985e-21	0.00406475335298902	0.0791832977105847	0.129138459656079	0.217685778956503	-1.1208660014665e-18	0.0677874653613356	0.00102216151380868	0.000841976635849111	0.149620831174859	0.0826438405306553	0.267832658042419	6.93943206351684e-05	0.000109382744282187	-3.86304631035234e-18	-1.80215125074968e-19	3.54308021560259e-18	-1.25327818282111e-17	3.51515800126289e-19
SJNBL031585_D1	0.0237477639691391	3.57825967792197e-06	0.00562184298930383	4.91225001449097e-21	0.00715017184738488	0.121354418927305	0.0254798865208737	0.0548075666307644	-2.04921005836667e-18	0.0782624130672116	0.000718296089331678	0.000820273342043061	0.271520586940097	0.0714827866369013	0.306903505315254	5.8160908495247e-19	1.33619810779576e-06	0.032125573266605	6.07110422821884e-19	2.03201924772344e-18	2.76050088090952e-18	-2.00998959462895e-19
SJNBL031598_D1	3.82289486951393e-19	4.38179029793378e-20	-8.61243461264164e-20	6.37821623406537e-21	0.00258880740676475	0.0648407389321916	0.0288340561334175	0.031368180029502	1.84172677299716e-18	0.136374947130413	0.000934720057643071	6.54712973648748e-18	0.194080384145365	0.190246828361832	0.249336080925041	4.66255536682229e-18	0.00365531325307654	0.0977399436247531	-1.70223412868425e-18	3.75736867765402e-18	-1.95915833575238e-18	-2.65252851134479e-19
SJNBL031668_D1	0.0985375729968836	-9.94858673658181e-21	0.23374582199002	1.37435638608591e-06	0.0200202023531655	0.135911481989997	-3.74570812378324e-20	0.0420826311782637	5.83877892074558e-19	0.000214135970802145	0.000219692123427412	-1.37533592218673e-18	0.288389818913141	0.0468541579324556	0.00740512058328808	1.02371209053797e-17	0.12661798961217	3.03158949671036e-18	8.29502790785445e-18	9.07153287952019e-19	4.86083427939679e-18	1.98593417842539e-19
SJNBL031668_D2	0.000592877534883077	0.000353088129201292	1.09865244919403e-05	1.86956067629396e-22	0.0347466933313097	0.0959162553530695	0.0972160272756085	0.12722229410232	1.73070842172364e-18	0.0654741560059589	0.00088246205758092	0.0171061390822193	0.29805408408254	0.0345859581046255	0.227838978416192	-6.80335469613482e-18	3.95936802243543e-19	-6.64349636771243e-19	1.44044417946872e-18	3.13740395042082e-18	1.78369816898892e-19	-1.25478875694109e-19
SJNBL031802_D1	0.0191073992007383	0.000165626867829485	3.37692311110463e-06	3.24635818635262e-20	0.0474217162651344	0.193239379011954	0.187997305823308	0.337941080112463	4.80215591697139e-18	0.000514865427792213	0.000726996296833566	-2.24318878671375e-18	0.165467475636894	-3.5605526256501e-19	0.0474147784339424	5.4242527099269e-18	-1.10212671066281e-18	1.75127192999927e-18	-1.20342480951348e-17	-2.00677478523208e-18	2.6956390685992e-17	-3.52799189315451e-18
SJNBL031802_D2	0.00459688387136039	2.13670704518727e-19	0.00588067032134836	-1.20856810229613e-20	1.84169745854481e-20	0.0326816075262686	0.0029317404992649	0.0157248063182516	-9.81997171828982e-18	0.0704030744412991	0.000620395021312649	-3.05433378995861e-19	0.286201247794925	0.236459080439463	0.202883515146609	1.2711685049157e-17	0.0557643706945218	0.0858526079253749	1.33420422927941e-18	8.82877527782147e-18	5.00451187288945e-18	1.12929094489147e-18
SJNBL031886_D1	0.0253865776737933	-2.35018438679008e-20	0.00116013418591588	-8.43199239257437e-20	0.00447578448294076	0.0580293468780586	0.0306113567894588	0.0428508833896582	1.41274426898831e-18	0.128482714913084	0.000952293736177812	6.7198748794746e-19	0.254424779626403	0.174733735528888	0.205036282772022	1.28501543830475e-17	0.00101808626180819	0.0728380237617909	5.9509280968129e-18	1.03424241754677e-17	4.77091417114825e-19	-2.10148547525133e-18
SJNBL031899_D1	0.00432339870995182	-1.22196833694814e-20	0.00109941514933686	-2.65709559980124e-21	-6.95471629482095e-21	0.0587708751983182	0.0381022768467815	0.0890384300928907	-1.72462571626314e-17	0.0875886695684416	0.000795836156698902	0.000708504424460064	0.184221090361502	0.0707857378815356	0.398154871426277	-9.51572944725327e-18	0.000337487156112078	0.0660734070276942	1.04798482430931e-17	3.23189422256281e-19	-1.31948185080676e-18	2.55736930348374e-19
SJNBL031947_D1	4.24293844872211e-19	3.78269906181379e-20	3.37690427348302e-19	-4.42235781182546e-20	9.63705997883789e-21	0.0970902338387945	0.0588212688868872	0.0468490603729452	-1.31994732068695e-17	0.101802590813672	0.00074475598118776	0.000763488902838549	0.286130561921881	0.0928124745279907	0.314693924755207	-1.19882898274222e-18	0.000223285178886571	6.835481971022e-05	1.10187385468955e-18	2.97248657455476e-19	-9.79456185769839e-19	-1.21133900521252e-19
SJNBL031995_D1	4.76326687323066e-05	-1.55539334371174e-19	6.48385162694975e-05	3.55035891621746e-21	0.0108815852480807	0.0967979173858466	0.13838130862773	0.524558014490814	-3.17331344385651e-17	0.00191761003687359	0.000907222308055655	6.02759624453175e-19	0.19969813625473	4.82578825560455e-19	0.0266856886078645	-3.81016980856299e-18	6.00458550024903e-05	1.31622827206268e-19	-7.55946460091189e-18	-9.34323417496192e-19	1.16535783423929e-19	8.58500452089607e-19
SJNBL032008_D1	5.3127329680855e-19	-2.75932438810579e-21	3.63904053412632e-19	-1.35409011942526e-21	1.96173748412583e-19	0.0788252865725832	0.0866405999798867	0.0440923764101752	-1.73802192593917e-17	0.13332289198887	0.000929582413602044	8.71089345558487e-05	0.276889448296691	0.0726112495715048	0.294638983990182	-1.06959506647081e-17	0.0118261147886365	0.00013635705331236	5.69507426264634e-18	-3.41655935434329e-18	1.27892963282538e-18	9.42649474876235e-19
SJNBL032063_D1	4.54024960445401e-19	-9.94358560250112e-20	2.29874680737545e-19	-1.10665650493899e-21	-1.49723040178776e-19	0.0494758112032304	0.052979611574959	0.0359520122403456	-7.18404443388849e-18	0.118201585772387	0.000759779963655572	0.00024889066024044	0.189202129531157	0.0901724175533624	0.417086355005643	2.96999055490976e-19	0.000376181967949411	0.0455452245270699	1.89461987563795e-18	-3.25438243927629e-18	1.28314117767127e-18	1.68484854066379e-18
SJNBL032082_D2	-1.23130509556532e-19	7.5746144649133e-20	1.18397990980859e-19	-1.96440305962936e-20	0.00225189292979291	0.147710665632864	0.0983796677565277	0.0629087711793667	-1.72777137672367e-18	0.0704975236337325	0.00068954390259772	0.000325242670300249	0.224083671662979	0.0772021285981096	0.315845898367242	1.84030096178344e-05	8.65906568696983e-05	-4.03218288785707e-18	7.31030821733264e-18	-4.57865705028095e-18	2.22460643258378e-17	5.68582093660835e-19
SJNBL032130_D1	-2.42475809872299e-19	9.37117433912132e-21	6.62833146682584e-20	-2.75961955918531e-21	-1.12053458165131e-19	0.0518515100448817	0.0371344583312244	0.0322341448496543	9.52057146092057e-18	0.161738832599962	0.000369036789434234	0.000159414022676227	0.0905642806709736	0.101967393246734	0.491507575453501	-3.22477291798295e-18	0.017445105037638	0.0150282489533216	-2.17909836362277e-19	3.42995413960545e-18	-1.99485952014573e-18	-3.12126953653082e-20
SJNBL032144_D1	4.96600697034138e-19	-5.63393063157265e-20	-1.89595495935631e-20	4.22156640793904e-24	-3.57741226115911e-19	0.0768677528880877	0.0503379702236264	0.0425823138619395	-3.63848591646924e-18	0.0914938854626337	0.000820064506947606	7.52122874956248e-05	0.291763263090875	0.103209266042527	0.312364690435564	5.97610874112042e-19	0.0215461870357557	0.00893939416454741	2.83854842583444e-18	1.97606842064032e-19	-1.96594389424082e-18	-3.28854238801558e-19
SJNBL032212_D1	0.00459239532480946	1.20902184139036e-19	1.32606777843304e-05	-3.32256073003443e-22	0.0151174056338639	0.146816617654748	0.196642146151857	0.472104611535532	-4.64776064440889e-17	0.000240707667492989	0.000708141911456898	-2.85411769968023e-18	0.132596906817798	-2.29582352840829e-18	0.0311036856167287	-3.54476466134929e-18	6.4121007928576e-05	5.84365445066823e-19	4.16636615627408e-18	1.50211273237579e-19	2.46843615367469e-19	8.30858777295661e-20
SJNBL032228_D1	0.00175565032414776	5.13750402690894e-20	-7.07408428731901e-20	8.80802269150476e-21	0.00645249011093125	0.107141975138361	0.0849677508518867	0.0420921477758662	2.10252076098388e-18	0.0884772005348122	0.000437224248103308	7.76332984559607e-05	0.160030093738761	0.0723901450599929	0.350115378003104	-2.81665607986988e-18	0.0860043919551852	5.79189603918765e-05	2.03151817299082e-18	3.9093252419257e-18	4.42353810375041e-20	-3.81675524689788e-18
SJNBL032265_D1	0.0175872055255445	7.30074368188648e-20	0.000526944130439226	1.16017809118109e-23	0.00367438324776356	0.0796052646540352	0.096113295729693	0.0643110030835916	-2.7045770979948e-19	0.0683360073119078	0.000889156824731765	0.000107223655072718	0.143222474804684	0.0710818796363257	0.398786559336163	1.9254400352501e-18	0.000136318809027751	0.0556222832510212	-4.58540525760252e-19	2.14687070715668e-18	3.51275430248621e-18	2.98168024717927e-19
SJNBL032281_D2	3.42454947871535e-19	4.26329984187943e-20	-3.79835334069579e-23	2.09909150173079e-21	0.00504321485345328	0.0874317823889902	0.049689152300487	0.0563972125197774	-7.4491649561657e-18	0.111871444089485	0.000550266465204958	0.00140656714508298	0.32818863084937	0.132495624540744	0.226767963220996	-3.57893002990155e-18	9.0480613774775e-05	6.76610126344448e-05	3.58684440882338e-18	1.99132251110493e-18	3.19996803727522e-18	-9.55763954849541e-19
SJNBL032332_D1	0.146259239648561	0.00139344157495879	0.290985129630437	0.00202857241607616	0.253409894095446	0.0707502767724215	5.27254288606038e-06	0.00547430955365479	-9.31217081481809e-18	7.86541706275455e-05	7.32168664669763e-05	-8.57252930026165e-19	0.214289102110796	-1.32500590898726e-18	0.000688812849632635	-4.13110022791741e-18	0.0145640777680357	4.01806182420376e-19	7.23735381588287e-18	-1.41587697190091e-18	1.38245824735485e-17	4.56963555291467e-18
SJNBL032345_D1	4.53926054104947e-19	-9.35928130841406e-21	-8.45244480462641e-20	5.78360756467219e-21	0.00126486439039439	0.112047236442047	0.213187581429361	0.0829267131604566	1.92756975679939e-17	0.0449846187952015	0.00101644528358969	9.19138620356239e-05	0.221102246891074	0.0422605309762242	0.229155650310367	-4.637622738593e-19	0.0519621984592491	-7.39621958527994e-19	-3.96442747683264e-19	2.21616093905309e-18	-6.02765497881051e-20	-4.20859976957542e-18
SJNBL032465_D1	0.00703135269207969	1.83675272090411e-19	4.8374906077929e-06	-2.92458345028844e-20	0.00883371299538367	0.0886306747436758	0.124246460206607	0.17027789276651	-2.22122037323445e-18	0.0909497046687224	0.00095114341947718	0.0122885198931406	0.143691676071785	0.0576750947891059	0.295337020227381	1.04140900971791e-18	8.19100355238097e-05	2.38481834034745e-18	-1.67759393778669e-18	1.01407845091169e-19	1.28099671516017e-18	-1.86183682475165e-19
SJNBL032572_D1	0.416286661548754	1.38247807488503e-19	0.103568242306932	1.05601940303479e-06	0.00659993808039441	0.0979680812859427	6.42937715258565e-19	0.018807065848017	1.31630055232322e-17	0.00222858988149811	0.000190328214087464	8.58399224388759e-19	0.229791707497689	0.00303149569659977	0.12144050611026	1.03112133544259e-18	8.63275104218161e-05	-5.06683370989803e-18	8.87618789237014e-18	-2.09724807972665e-18	4.5807645010991e-19	-2.798254143784e-18
SJNBL032572_D2	1.14620662125553e-19	-1.5896398508259e-20	-1.28819416871794e-19	3.25764643154273e-20	2.64289372526102e-19	0.0722616628184049	0.100989286948524	0.0832171795131856	-8.38680680665776e-18	0.105807507754684	0.00200551368664578	2.04725520106983e-05	0.271421665078928	0.115950686521488	0.222351011395042	3.4814449858765e-19	0.000265900511408137	0.0257091132196781	-8.5060749232313e-19	-3.70483018204929e-18	4.34849595923535e-18	-5.33807180805596e-19
SJNBL032687_D1	4.98012336783012e-19	1.45910893279739e-19	-7.83721609976961e-21	6.88017404034068e-20	0.000842896110129528	0.0248521778445075	0.00120292888232816	0.0550987687039309	-5.67341447202073e-18	0.119252487116722	0.000562459024116517	0.00975165646199118	0.151912894733857	0.128799555213623	0.437800369826461	1.39717698010325e-18	0.0118377693167413	0.0580860367655919	2.29853998194736e-19	3.86793343331646e-18	-9.54274912693316e-19	-4.31986332620674e-19
SJNBL032769_D1	0.096539175820129	0.00153041912696487	0.322678264122385	0.000809860696553089	0.00900067251697885	0.141178203901338	-2.84911063419485e-19	0.0562644512557055	5.74798846902318e-18	4.92386169603067e-05	0.000238409221759767	1.02845746120748e-18	0.35836403318865	8.65301831104138e-05	0.0110602582775724	-2.67447633695777e-18	0.002200483071893	-4.02161706963416e-19	7.32146423730784e-19	2.09646761898643e-17	-1.10835504536578e-17	-1.5257912315982e-18
SJNBL101_D	-1.48342112910074e-21	-2.70847038996548e-20	1.9792899375286e-19	6.03988504087751e-21	2.45187716192843e-20	0.033723984586287	0.0105380229145696	0.0714395482481986	0.00125736018526318	0.0600431816196088	0.0545153444077257	0.00391249666723151	0.271460441376393	0.134123492911512	0.240272052540543	2.54159255088149e-18	0.0163631059377972	1.5083941916244e-18	0.00375742416928843	1.66691144587949e-18	8.48945739827995e-19	0.0985935444355818
SJNBL105_D	3.95462112605393e-19	5.43118440518955e-20	8.08441870688743e-20	2.73715374227484e-20	0.00362829073105912	0.0583361037543512	0.0480983501052035	0.0483928169981729	1.66224717960071e-05	0.147983841077578	0.00114733031529509	0.00554171770555735	0.403016389914632	0.0853734949476061	0.192471540085938	-1.20492315075018e-18	0.000279893411483018	3.75914345356719e-19	5.66449498293419e-19	-2.54005148975305e-18	-3.79260640459142e-18	0.00571360848132744
SJNBL107_D	1.22917003584535e-18	-3.18327254050858e-20	2.22578441626023e-19	1.3160966786336e-19	4.36463437952622e-19	0.0250951790018784	0.00783355687513624	0.0578543340354964	-2.88062377249034e-18	0.188730206529462	0.000954913653057082	0.000395860075258762	0.0712327050536327	0.157406180879505	0.457604660514609	-3.29453065438272e-19	0.000207668946940863	0.0324077891498322	1.40655885733847e-18	4.09329804569755e-18	1.40470622235713e-18	0.000276945285191274
SJNBL110_D	0.0817500953543402	4.0095334207756e-19	0.0910991062573359	-2.71203319115687e-21	5.91112972878451e-05	0.119282623630385	0.0252582612957317	0.103244990860977	1.4164679290169e-17	0.000788433664332561	0.0014240660985459	-3.05290747461631e-21	0.099017274746894	0.000185993738605266	0.437266559407805	-3.21678434847124e-19	0.00111649538959314	0.0394829911769301	3.77883133022881e-19	3.16280115434522e-18	1.37271292518182e-18	2.39970812367047e-05
SJNBL117_D	-3.34445962746969e-19	-6.55191837802665e-20	-6.85111500457885e-21	3.51116723444788e-20	5.25058717627158e-20	0.0285563186508586	0.0297895823757332	0.0582201836412861	0.000169186201866603	0.0467157900772752	0.10033817890219	0.0186065985285882	0.20042517030855	0.0940141520626843	0.303206028377933	-2.07521252082297e-18	0.000336247301954023	1.16471470215886e-19	0.0083605680473123	2.70528960210243e-19	-1.84865945590037e-18	0.111261995523768
SJST030049_D1	1.26433022917411e-05	-2.81901924095153e-19	1.05155218904006e-19	-2.69578671076765e-21	0.0144210344601555	0.145406060880172	0.203060307357314	0.13388755969988	-9.04299773534721e-18	0.122439109746354	0.00094415750076041	0.000609892128804847	0.148283634583395	0.027147952149434	0.203660197175782	-1.51423876237939e-18	0.000127451015656669	-3.62816643833588e-18	-3.92297761503824e-19	5.82600698990882e-18	-6.08418350805931e-18	-3.31291200054921e-19
SJST030890_D1	0.00684428295660741	1.31459050436606e-19	0.00622788874014938	5.87968279390141e-21	0.00329195256619964	0.0705748448060833	0.0802521608787804	0.203506069369467	2.88392245205813e-18	0.0637479914329882	0.000979715269620837	0.0335432158463644	0.162865249782443	0.0419368899437339	0.31212633381557	-1.88837552552695e-19	9.06633643875943e-05	0.0140127412276047	2.27063432042561e-18	3.57961049135637e-18	3.31295528055889e-18	2.05527554422819e-19
SJST030890_D2	0.0066004264352341	0.000339711049732981	0.000276713327843438	-1.97054026310636e-21	3.88281192646751e-05	0.255333283452884	0.31411323590261	0.0547312416679197	1.26067406981022e-17	0.0620522765090007	0.000209289745889148	-1.58314563615425e-18	0.299606049804699	0.00551551731223733	0.00114688687472839	-3.86948876893481e-19	3.65397979563661e-05	5.97569551048581e-18	4.87612558392282e-18	2.82630670792172e-18	-7.20647618947431e-20	7.4813062509608e-18
SJST030890_D3	7.64741676202652e-05	0.00136585273730532	0.00366915154876849	-6.2063097041812e-20	2.56733819687053e-05	0.269178722257454	0.215221308464972	0.115126708380364	2.17017253746578e-17	5.85245996681311e-05	0.000175420074576529	1.29206179605993e-18	0.303209302677306	0.061499318021926	0.00270194492309212	-2.63147219296385e-18	0.0276915987649786	-2.98235305416564e-18	3.88228184367603e-18	3.10623483272945e-18	-4.30413993731529e-19	-1.50133836183858e-18
SJST032486_D1	0.022330310186903	1.90475389268777e-19	0.00655531892795905	-8.29314003115314e-21	4.14353983126753e-05	0.0683938335224834	0.0457051337607152	0.0499703195341098	7.63674212808149e-18	0.0902778779434257	0.000683053147715688	0.000519168750107011	0.251887113667227	0.0317436295760185	0.329418855530476	-1.18611379982444e-18	7.69741263756179e-06	0.10246625264191	-3.00553700511946e-18	-3.3825778604745e-20	-1.03452364278631e-18	1.00119952402084e-18
