Sample	0	1	2	3	4	5	6	7	8	9	10	11	12	13	14	15	16	17	18	19	20	21	22	23	24	25	26	27	28	29	30	31	32
SRR10215662_1_val_1	(16.0, 1.0)	(17.0, 5.0)	(18.0, 45.0)	(19.0, 218.0)	(20.0, 1206.0)	(21.0, 5956.0)	(22.0, 25200.0)	(23.0, 82618.0)	(24.0, 210978.0)	(25.0, 435317.0)	(26.0, 769442.0)	(27.0, 1193460.0)	(28.0, 1690622.0)	(29.0, 2239751.0)	(30.0, 2832810.0)	(31.0, 3483633.0)	(32.0, 4222679.0)	(33.0, 5106322.0)	(34.0, 6233482.0)	(35.0, 7699105.0)	(36.0, 9812102.0)	(37.0, 12870712.0)	(38.0, 13975185.0)	(39.0, 7387605.0)	(40.0, 246349.0)								
SRR10215662_2_val_2	(11.0, 1.0)	(12.0, 1.0)	(13.0, 2.0)	(14.0, 19.0)	(15.0, 97.0)	(16.0, 293.0)	(17.0, 1136.0)	(18.0, 4254.0)	(19.0, 20714.0)	(20.0, 140190.0)	(21.0, 365876.0)	(22.0, 662038.0)	(23.0, 954078.0)	(24.0, 1215564.0)	(25.0, 1456675.0)	(26.0, 1677490.0)	(27.0, 1894086.0)	(28.0, 2130681.0)	(29.0, 2422903.0)	(30.0, 2800939.0)	(31.0, 3281532.0)	(32.0, 3911137.0)	(33.0, 4737105.0)	(34.0, 5811252.0)	(35.0, 7184599.0)	(36.0, 9110759.0)	(37.0, 11645321.0)	(38.0, 12331608.0)	(39.0, 6610761.0)	(40.0, 153692.0)			
SRR10215663_1_val_1	(16.0, 1.0)	(17.0, 3.0)	(18.0, 13.0)	(19.0, 91.0)	(20.0, 524.0)	(21.0, 2839.0)	(22.0, 12983.0)	(23.0, 45557.0)	(24.0, 126070.0)	(25.0, 278963.0)	(26.0, 517502.0)	(27.0, 836374.0)	(28.0, 1217840.0)	(29.0, 1639655.0)	(30.0, 2085986.0)	(31.0, 2564943.0)	(32.0, 3119103.0)	(33.0, 3799113.0)	(34.0, 4709004.0)	(35.0, 5979498.0)	(36.0, 7988248.0)	(37.0, 11322432.0)	(38.0, 13522812.0)	(39.0, 7730390.0)	(40.0, 244589.0)								
SRR10215663_2_val_2	(13.0, 2.0)	(14.0, 15.0)	(15.0, 75.0)	(16.0, 184.0)	(17.0, 579.0)	(18.0, 1901.0)	(19.0, 9305.0)	(20.0, 66514.0)	(21.0, 170755.0)	(22.0, 313604.0)	(23.0, 465896.0)	(24.0, 623196.0)	(25.0, 777221.0)	(26.0, 931167.0)	(27.0, 1092740.0)	(28.0, 1271824.0)	(29.0, 1488859.0)	(30.0, 1766580.0)	(31.0, 2132937.0)	(32.0, 2616843.0)	(33.0, 3269646.0)	(34.0, 4206437.0)	(35.0, 5533702.0)	(36.0, 7651059.0)	(37.0, 11094813.0)	(38.0, 13615563.0)	(39.0, 8434444.0)	(40.0, 208672.0)					
SRR10215664_1_val_1	(14.0, 1.0)	(15.0, 0.0)	(16.0, 1.0)	(17.0, 5.0)	(18.0, 8.0)	(19.0, 46.0)	(20.0, 255.0)	(21.0, 1195.0)	(22.0, 4840.0)	(23.0, 16331.0)	(24.0, 44168.0)	(25.0, 98795.0)	(26.0, 186624.0)	(27.0, 308786.0)	(28.0, 457990.0)	(29.0, 626771.0)	(30.0, 818066.0)	(31.0, 1035834.0)	(32.0, 1305716.0)	(33.0, 1680988.0)	(34.0, 2244458.0)	(35.0, 3111514.0)	(36.0, 4527336.0)	(37.0, 6767867.0)	(38.0, 8469733.0)	(39.0, 6380761.0)	(40.0, 264954.0)						
SRR10215664_2_val_2	(13.0, 3.0)	(14.0, 6.0)	(15.0, 18.0)	(16.0, 54.0)	(17.0, 157.0)	(18.0, 584.0)	(19.0, 2125.0)	(20.0, 11697.0)	(21.0, 29125.0)	(22.0, 54567.0)	(23.0, 86442.0)	(24.0, 123812.0)	(25.0, 168697.0)	(26.0, 218723.0)	(27.0, 275277.0)	(28.0, 345559.0)	(29.0, 426485.0)	(30.0, 538764.0)	(31.0, 690740.0)	(32.0, 914022.0)	(33.0, 1247686.0)	(34.0, 1814020.0)	(35.0, 2756874.0)	(36.0, 4473548.0)	(37.0, 6999364.0)	(38.0, 9302211.0)	(39.0, 7618055.0)	(40.0, 254428.0)					
SRR10215665_1_val_1	(16.0, 2.0)	(17.0, 1.0)	(18.0, 8.0)	(19.0, 37.0)	(20.0, 235.0)	(21.0, 1210.0)	(22.0, 5144.0)	(23.0, 17999.0)	(24.0, 50000.0)	(25.0, 114094.0)	(26.0, 220602.0)	(27.0, 371192.0)	(28.0, 562299.0)	(29.0, 786230.0)	(30.0, 1044457.0)	(31.0, 1345474.0)	(32.0, 1726417.0)	(33.0, 2257137.0)	(34.0, 3085497.0)	(35.0, 4384013.0)	(36.0, 6630199.0)	(37.0, 10337875.0)	(38.0, 14294828.0)	(39.0, 11829584.0)	(40.0, 760755.0)								
SRR10215665_2_val_2	(13.0, 2.0)	(14.0, 4.0)	(15.0, 18.0)	(16.0, 82.0)	(17.0, 262.0)	(18.0, 862.0)	(19.0, 3718.0)	(20.0, 21683.0)	(21.0, 53772.0)	(22.0, 98792.0)	(23.0, 156483.0)	(24.0, 224775.0)	(25.0, 301735.0)	(26.0, 385128.0)	(27.0, 477065.0)	(28.0, 582166.0)	(29.0, 706229.0)	(30.0, 869147.0)	(31.0, 1095673.0)	(32.0, 1411869.0)	(33.0, 1891020.0)	(34.0, 2708984.0)	(35.0, 4061938.0)	(36.0, 6614031.0)	(37.0, 10545426.0)	(38.0, 14704568.0)	(39.0, 12384361.0)	(40.0, 525496.0)					
SRR10215666_1_val_1	(16.0, 2.0)	(17.0, 4.0)	(18.0, 29.0)	(19.0, 183.0)	(20.0, 841.0)	(21.0, 3524.0)	(22.0, 13137.0)	(23.0, 39194.0)	(24.0, 91116.0)	(25.0, 177233.0)	(26.0, 306108.0)	(27.0, 475296.0)	(28.0, 686174.0)	(29.0, 932708.0)	(30.0, 1219634.0)	(31.0, 1557207.0)	(32.0, 1956105.0)	(33.0, 2487320.0)	(34.0, 3275563.0)	(35.0, 4492791.0)	(36.0, 6691706.0)	(37.0, 11217170.0)	(38.0, 17093283.0)	(39.0, 13666661.0)	(40.0, 721624.0)								
SRR10215666_2_val_2	(11.0, 1.0)	(12.0, 3.0)	(13.0, 26.0)	(14.0, 63.0)	(15.0, 262.0)	(16.0, 721.0)	(17.0, 1970.0)	(18.0, 5231.0)	(19.0, 14540.0)	(20.0, 65585.0)	(21.0, 145000.0)	(22.0, 243217.0)	(23.0, 345486.0)	(24.0, 445737.0)	(25.0, 547762.0)	(26.0, 650814.0)	(27.0, 764201.0)	(28.0, 887518.0)	(29.0, 1031865.0)	(30.0, 1224616.0)	(31.0, 1491370.0)	(32.0, 1873387.0)	(33.0, 2408273.0)	(34.0, 3228618.0)	(35.0, 4485720.0)	(36.0, 6708707.0)	(37.0, 11017346.0)	(38.0, 16137703.0)	(39.0, 12904673.0)	(40.0, 474198.0)			
SRR10215667_1_val_1	(16.0, 1.0)	(17.0, 3.0)	(18.0, 26.0)	(19.0, 118.0)	(20.0, 689.0)	(21.0, 3462.0)	(22.0, 14555.0)	(23.0, 47734.0)	(24.0, 120593.0)	(25.0, 246725.0)	(26.0, 432545.0)	(27.0, 665044.0)	(28.0, 931902.0)	(29.0, 1219122.0)	(30.0, 1528573.0)	(31.0, 1859385.0)	(32.0, 2230837.0)	(33.0, 2671160.0)	(34.0, 3238017.0)	(35.0, 3974823.0)	(36.0, 5037882.0)	(37.0, 6545423.0)	(38.0, 7149435.0)	(39.0, 3907724.0)	(40.0, 116267.0)								
SRR10215667_2_val_2	(13.0, 1.0)	(14.0, 8.0)	(15.0, 27.0)	(16.0, 137.0)	(17.0, 506.0)	(18.0, 1932.0)	(19.0, 8416.0)	(20.0, 56749.0)	(21.0, 149818.0)	(22.0, 272825.0)	(23.0, 402755.0)	(24.0, 524247.0)	(25.0, 639945.0)	(26.0, 752785.0)	(27.0, 867526.0)	(28.0, 994722.0)	(29.0, 1154131.0)	(30.0, 1357454.0)	(31.0, 1619876.0)	(32.0, 1965354.0)	(33.0, 2414158.0)	(34.0, 3007788.0)	(35.0, 3768968.0)	(36.0, 4818736.0)	(37.0, 6226659.0)	(38.0, 6845067.0)	(39.0, 3994884.0)	(40.0, 96571.0)					
SRR10215668_1_val_1	(16.0, 2.0)	(17.0, 4.0)	(18.0, 42.0)	(19.0, 220.0)	(20.0, 1145.0)	(21.0, 5556.0)	(22.0, 22931.0)	(23.0, 74077.0)	(24.0, 184826.0)	(25.0, 375751.0)	(26.0, 652887.0)	(27.0, 1006336.0)	(28.0, 1408922.0)	(29.0, 1841968.0)	(30.0, 2303015.0)	(31.0, 2801878.0)	(32.0, 3363125.0)	(33.0, 4022829.0)	(34.0, 4865871.0)	(35.0, 5939366.0)	(36.0, 7488163.0)	(37.0, 9664115.0)	(38.0, 10514441.0)	(39.0, 6374164.0)	(40.0, 239403.0)								
SRR10215668_2_val_2	(13.0, 8.0)	(14.0, 26.0)	(15.0, 106.0)	(16.0, 323.0)	(17.0, 1178.0)	(18.0, 4498.0)	(19.0, 18103.0)	(20.0, 98097.0)	(21.0, 249692.0)	(22.0, 454252.0)	(23.0, 661153.0)	(24.0, 856524.0)	(25.0, 1038417.0)	(26.0, 1212920.0)	(27.0, 1386541.0)	(28.0, 1585425.0)	(29.0, 1829305.0)	(30.0, 2142649.0)	(31.0, 2547435.0)	(32.0, 3061925.0)	(33.0, 3729534.0)	(34.0, 4599359.0)	(35.0, 5686194.0)	(36.0, 7174892.0)	(37.0, 9114424.0)	(38.0, 9707243.0)	(39.0, 5834930.0)	(40.0, 155884.0)					
SRR10215669_1_val_1	(17.0, 2.0)	(18.0, 20.0)	(19.0, 111.0)	(20.0, 486.0)	(21.0, 2179.0)	(22.0, 7769.0)	(23.0, 22064.0)	(24.0, 51158.0)	(25.0, 98806.0)	(26.0, 168230.0)	(27.0, 258896.0)	(28.0, 369473.0)	(29.0, 498030.0)	(30.0, 644467.0)	(31.0, 814500.0)	(32.0, 1021829.0)	(33.0, 1294183.0)	(34.0, 1704495.0)	(35.0, 2326015.0)	(36.0, 3450136.0)	(37.0, 5678368.0)	(38.0, 8031715.0)	(39.0, 6386291.0)	(40.0, 376133.0)									
SRR10215669_2_val_2	(12.0, 2.0)	(13.0, 9.0)	(14.0, 31.0)	(15.0, 118.0)	(16.0, 349.0)	(17.0, 969.0)	(18.0, 2523.0)	(19.0, 7576.0)	(20.0, 33364.0)	(21.0, 73667.0)	(22.0, 124305.0)	(23.0, 175931.0)	(24.0, 226992.0)	(25.0, 276997.0)	(26.0, 330951.0)	(27.0, 387896.0)	(28.0, 450796.0)	(29.0, 525935.0)	(30.0, 621944.0)	(31.0, 761090.0)	(32.0, 957273.0)	(33.0, 1233282.0)	(34.0, 1659939.0)	(35.0, 2311503.0)	(36.0, 3457469.0)	(37.0, 5597484.0)	(38.0, 7692990.0)	(39.0, 6058899.0)	(40.0, 235072.0)				
SRR10215670_1_val_1	(16.0, 2.0)	(17.0, 14.0)	(18.0, 81.0)	(19.0, 335.0)	(20.0, 1512.0)	(21.0, 5683.0)	(22.0, 19091.0)	(23.0, 51871.0)	(24.0, 115737.0)	(25.0, 216451.0)	(26.0, 361133.0)	(27.0, 550895.0)	(28.0, 779861.0)	(29.0, 1043625.0)	(30.0, 1342296.0)	(31.0, 1689389.0)	(32.0, 2105357.0)	(33.0, 2645404.0)	(34.0, 3458180.0)	(35.0, 4633363.0)	(36.0, 6739395.0)	(37.0, 10870745.0)	(38.0, 15458335.0)	(39.0, 14258117.0)	(40.0, 831647.0)								
SRR10215670_2_val_2	(12.0, 7.0)	(13.0, 22.0)	(14.0, 131.0)	(15.0, 404.0)	(16.0, 1068.0)	(17.0, 2811.0)	(18.0, 7079.0)	(19.0, 18512.0)	(20.0, 64967.0)	(21.0, 134603.0)	(22.0, 221689.0)	(23.0, 311445.0)	(24.0, 402599.0)	(25.0, 495073.0)	(26.0, 595641.0)	(27.0, 703836.0)	(28.0, 827654.0)	(29.0, 978398.0)	(30.0, 1177194.0)	(31.0, 1461286.0)	(32.0, 1861308.0)	(33.0, 2428583.0)	(34.0, 3307013.0)	(35.0, 4570872.0)	(36.0, 6790947.0)	(37.0, 10920546.0)	(38.0, 15312228.0)	(39.0, 14034787.0)	(40.0, 547816.0)				
SRR10215671_1_val_1	(17.0, 1.0)	(18.0, 4.0)	(19.0, 29.0)	(20.0, 190.0)	(21.0, 883.0)	(22.0, 3851.0)	(23.0, 13157.0)	(24.0, 35897.0)	(25.0, 82195.0)	(26.0, 157817.0)	(27.0, 264075.0)	(28.0, 399340.0)	(29.0, 560163.0)	(30.0, 745105.0)	(31.0, 961004.0)	(32.0, 1237355.0)	(33.0, 1624515.0)	(34.0, 2225975.0)	(35.0, 3179364.0)	(36.0, 4936789.0)	(37.0, 8478809.0)	(38.0, 12324295.0)	(39.0, 9961618.0)	(40.0, 637720.0)									
SRR10215671_2_val_2	(13.0, 5.0)	(14.0, 6.0)	(15.0, 28.0)	(16.0, 63.0)	(17.0, 185.0)	(18.0, 654.0)	(19.0, 2960.0)	(20.0, 17984.0)	(21.0, 43976.0)	(22.0, 79329.0)	(23.0, 122372.0)	(24.0, 169516.0)	(25.0, 222244.0)	(26.0, 278356.0)	(27.0, 341775.0)	(28.0, 413456.0)	(29.0, 499336.0)	(30.0, 614933.0)	(31.0, 775551.0)	(32.0, 1006395.0)	(33.0, 1347352.0)	(34.0, 1934648.0)	(35.0, 2884089.0)	(36.0, 4730480.0)	(37.0, 8464046.0)	(38.0, 12643816.0)	(39.0, 10768865.0)	(40.0, 467731.0)					
SRR10215672_1_val_1	(16.0, 1.0)	(17.0, 2.0)	(18.0, 3.0)	(19.0, 36.0)	(20.0, 145.0)	(21.0, 786.0)	(22.0, 3541.0)	(23.0, 12720.0)	(24.0, 35393.0)	(25.0, 80622.0)	(26.0, 154406.0)	(27.0, 260071.0)	(28.0, 389825.0)	(29.0, 545812.0)	(30.0, 722312.0)	(31.0, 931866.0)	(32.0, 1192601.0)	(33.0, 1557792.0)	(34.0, 2126975.0)	(35.0, 3025030.0)	(36.0, 4701395.0)	(37.0, 8164901.0)	(38.0, 11298600.0)	(39.0, 8468928.0)	(40.0, 505860.0)								
SRR10215672_2_val_2	(13.0, 3.0)	(14.0, 6.0)	(15.0, 26.0)	(16.0, 50.0)	(17.0, 161.0)	(18.0, 671.0)	(19.0, 2950.0)	(20.0, 19308.0)	(21.0, 47389.0)	(22.0, 84954.0)	(23.0, 130282.0)	(24.0, 180777.0)	(25.0, 235800.0)	(26.0, 292314.0)	(27.0, 354516.0)	(28.0, 425915.0)	(29.0, 511110.0)	(30.0, 622055.0)	(31.0, 780326.0)	(32.0, 1000183.0)	(33.0, 1327576.0)	(34.0, 1874552.0)	(35.0, 2770051.0)	(36.0, 4544350.0)	(37.0, 8171730.0)	(38.0, 11500367.0)	(39.0, 8932406.0)	(40.0, 369795.0)					
SRR10215673_1_val_1	(18.0, 8.0)	(19.0, 44.0)	(20.0, 188.0)	(21.0, 842.0)	(22.0, 3977.0)	(23.0, 13689.0)	(24.0, 37950.0)	(25.0, 85076.0)	(26.0, 163180.0)	(27.0, 270987.0)	(28.0, 408140.0)	(29.0, 565664.0)	(30.0, 746411.0)	(31.0, 956202.0)	(32.0, 1219423.0)	(33.0, 1585010.0)	(34.0, 2161956.0)	(35.0, 3066992.0)	(36.0, 4755938.0)	(37.0, 8194553.0)	(38.0, 11010043.0)	(39.0, 8012470.0)	(40.0, 449808.0)										
SRR10215673_2_val_2	(12.0, 1.0)	(13.0, 2.0)	(14.0, 7.0)	(15.0, 20.0)	(16.0, 47.0)	(17.0, 177.0)	(18.0, 587.0)	(19.0, 2899.0)	(20.0, 18541.0)	(21.0, 46339.0)	(22.0, 85096.0)	(23.0, 129623.0)	(24.0, 180790.0)	(25.0, 235875.0)	(26.0, 294184.0)	(27.0, 355556.0)	(28.0, 428070.0)	(29.0, 515298.0)	(30.0, 628541.0)	(31.0, 786103.0)	(32.0, 1008176.0)	(33.0, 1340915.0)	(34.0, 1891951.0)	(35.0, 2796459.0)	(36.0, 4568573.0)	(37.0, 8153015.0)	(38.0, 11317558.0)	(39.0, 8576402.0)	(40.0, 347746.0)				
SRR10215674_1_val_1	(16.0, 1.0)	(17.0, 5.0)	(18.0, 67.0)	(19.0, 326.0)	(20.0, 1634.0)	(21.0, 7742.0)	(22.0, 31299.0)	(23.0, 97607.0)	(24.0, 238650.0)	(25.0, 480595.0)	(26.0, 820564.0)	(27.0, 1239607.0)	(28.0, 1712102.0)	(29.0, 2211781.0)	(30.0, 2740013.0)	(31.0, 3307670.0)	(32.0, 3948370.0)	(33.0, 4711803.0)	(34.0, 5687024.0)	(35.0, 6931528.0)	(36.0, 8693813.0)	(37.0, 11068710.0)	(38.0, 11451662.0)	(39.0, 6502855.0)	(40.0, 222216.0)								
SRR10215674_2_val_2	(13.0, 9.0)	(14.0, 23.0)	(15.0, 74.0)	(16.0, 278.0)	(17.0, 1038.0)	(18.0, 3862.0)	(19.0, 16339.0)	(20.0, 95992.0)	(21.0, 248515.0)	(22.0, 454882.0)	(23.0, 670674.0)	(24.0, 880592.0)	(25.0, 1074476.0)	(26.0, 1267983.0)	(27.0, 1466714.0)	(28.0, 1692691.0)	(29.0, 1973736.0)	(30.0, 2336477.0)	(31.0, 2809046.0)	(32.0, 3421677.0)	(33.0, 4235106.0)	(34.0, 5295972.0)	(35.0, 6641855.0)	(36.0, 8483936.0)	(37.0, 10812189.0)	(38.0, 11325969.0)	(39.0, 6719500.0)	(40.0, 178039.0)					
SRR10215675_1_val_1	(16.0, 1.0)	(17.0, 5.0)	(18.0, 42.0)	(19.0, 163.0)	(20.0, 953.0)	(21.0, 4857.0)	(22.0, 21152.0)	(23.0, 72429.0)	(24.0, 194610.0)	(25.0, 426920.0)	(26.0, 785385.0)	(27.0, 1261454.0)	(28.0, 1821522.0)	(29.0, 2436371.0)	(30.0, 3090079.0)	(31.0, 3792413.0)	(32.0, 4595294.0)	(33.0, 5597815.0)	(34.0, 6927699.0)	(35.0, 8739061.0)	(36.0, 11562822.0)	(37.0, 16062221.0)	(38.0, 18756201.0)	(39.0, 12483251.0)	(40.0, 490023.0)								
SRR10215675_2_val_2	(13.0, 4.0)	(14.0, 34.0)	(15.0, 114.0)	(16.0, 311.0)	(17.0, 1028.0)	(18.0, 3612.0)	(19.0, 14854.0)	(20.0, 90506.0)	(21.0, 229630.0)	(22.0, 420188.0)	(23.0, 632890.0)	(24.0, 852742.0)	(25.0, 1072756.0)	(26.0, 1297122.0)	(27.0, 1534853.0)	(28.0, 1802749.0)	(29.0, 2124791.0)	(30.0, 2544281.0)	(31.0, 3093272.0)	(32.0, 3830550.0)	(33.0, 4822636.0)	(34.0, 6228775.0)	(35.0, 8188837.0)	(36.0, 11285182.0)	(37.0, 16131193.0)	(38.0, 19275120.0)	(39.0, 13268528.0)	(40.0, 376185.0)					
SRR10215676_1_val_1	(17.0, 3.0)	(18.0, 22.0)	(19.0, 142.0)	(20.0, 710.0)	(21.0, 2590.0)	(22.0, 7239.0)	(23.0, 17369.0)	(24.0, 36795.0)	(25.0, 74124.0)	(26.0, 139257.0)	(27.0, 245448.0)	(28.0, 400294.0)	(29.0, 605420.0)	(30.0, 859865.0)	(31.0, 1206549.0)	(32.0, 1726514.0)	(33.0, 2813883.0)	(34.0, 7510741.0)	(35.0, 27083954.0)														
SRR10215676_2_val_2	(14.0, 96.0)	(15.0, 589.0)	(16.0, 1780.0)	(17.0, 3763.0)	(18.0, 6965.0)	(19.0, 12728.0)	(20.0, 23609.0)	(21.0, 41818.0)	(22.0, 69784.0)	(23.0, 109841.0)	(24.0, 163648.0)	(25.0, 235397.0)	(26.0, 327094.0)	(27.0, 441780.0)	(28.0, 582290.0)	(29.0, 757469.0)	(30.0, 979193.0)	(31.0, 1293759.0)	(32.0, 1821629.0)	(33.0, 2941758.0)	(34.0, 7662927.0)	(35.0, 25253002.0)											
SRR10215677_1_val_1	(17.0, 2.0)	(18.0, 11.0)	(19.0, 120.0)	(20.0, 495.0)	(21.0, 1928.0)	(22.0, 5771.0)	(23.0, 15154.0)	(24.0, 34476.0)	(25.0, 74750.0)	(26.0, 146538.0)	(27.0, 262180.0)	(28.0, 429929.0)	(29.0, 646373.0)	(30.0, 912854.0)	(31.0, 1263107.0)	(32.0, 1763540.0)	(33.0, 2788769.0)	(34.0, 7321090.0)	(35.0, 29536635.0)														
SRR10215677_2_val_2	(14.0, 59.0)	(15.0, 456.0)	(16.0, 1463.0)	(17.0, 3255.0)	(18.0, 6365.0)	(19.0, 11627.0)	(20.0, 22666.0)	(21.0, 42695.0)	(22.0, 73332.0)	(23.0, 120511.0)	(24.0, 186408.0)	(25.0, 273033.0)	(26.0, 384355.0)	(27.0, 519752.0)	(28.0, 684887.0)	(29.0, 889145.0)	(30.0, 1146011.0)	(31.0, 1515581.0)	(32.0, 2142715.0)	(33.0, 3515940.0)	(34.0, 8869660.0)	(35.0, 24793806.0)											
SRR10215678_1_val_1	(17.0, 1.0)	(18.0, 6.0)	(19.0, 51.0)	(20.0, 215.0)	(21.0, 936.0)	(22.0, 3427.0)	(23.0, 11000.0)	(24.0, 26960.0)	(25.0, 56519.0)	(26.0, 102783.0)	(27.0, 166270.0)	(28.0, 246740.0)	(29.0, 344787.0)	(30.0, 462723.0)	(31.0, 611533.0)	(32.0, 810770.0)	(33.0, 1115970.0)	(34.0, 1676115.0)	(35.0, 2618925.0)	(36.0, 4710992.0)	(37.0, 9649361.0)	(38.0, 14823753.0)	(39.0, 12502231.0)	(40.0, 767171.0)									
SRR10215678_2_val_2	(8.0, 1.0)	(9.0, 0.0)	(10.0, 14.0)	(11.0, 52.0)	(12.0, 77.0)	(13.0, 103.0)	(14.0, 176.0)	(15.0, 259.0)	(16.0, 388.0)	(17.0, 562.0)	(18.0, 913.0)	(19.0, 2230.0)	(20.0, 8276.0)	(21.0, 18033.0)	(22.0, 30721.0)	(23.0, 45465.0)	(24.0, 62666.0)	(25.0, 83877.0)	(26.0, 108082.0)	(27.0, 137437.0)	(28.0, 174346.0)	(29.0, 223402.0)	(30.0, 293745.0)	(31.0, 394475.0)	(32.0, 544979.0)	(33.0, 786429.0)	(34.0, 1254220.0)	(35.0, 2011111.0)	(36.0, 3762510.0)	(37.0, 8361813.0)	(38.0, 15188513.0)	(39.0, 16390119.0)	(40.0, 824245.0)
SRR10215679_1_val_1	(17.0, 1.0)	(18.0, 5.0)	(19.0, 19.0)	(20.0, 86.0)	(21.0, 352.0)	(22.0, 1317.0)	(23.0, 3962.0)	(24.0, 10304.0)	(25.0, 21714.0)	(26.0, 40841.0)	(27.0, 67834.0)	(28.0, 103229.0)	(29.0, 148801.0)	(30.0, 206031.0)	(31.0, 277002.0)	(32.0, 372734.0)	(33.0, 518375.0)	(34.0, 789724.0)	(35.0, 1251286.0)	(36.0, 2272661.0)	(37.0, 4929937.0)	(38.0, 8600079.0)	(39.0, 8741350.0)	(40.0, 740067.0)									
SRR10215679_2_val_2	(8.0, 1.0)	(9.0, 4.0)	(10.0, 11.0)	(11.0, 31.0)	(12.0, 53.0)	(13.0, 62.0)	(14.0, 139.0)	(15.0, 154.0)	(16.0, 273.0)	(17.0, 457.0)	(18.0, 862.0)	(19.0, 2316.0)	(20.0, 9149.0)	(21.0, 18830.0)	(22.0, 31037.0)	(23.0, 44166.0)	(24.0, 58775.0)	(25.0, 74465.0)	(26.0, 92731.0)	(27.0, 112122.0)	(28.0, 136089.0)	(29.0, 166588.0)	(30.0, 210189.0)	(31.0, 271561.0)	(32.0, 358511.0)	(33.0, 494926.0)	(34.0, 749682.0)	(35.0, 1156102.0)	(36.0, 2069662.0)	(37.0, 4469309.0)	(38.0, 8264916.0)	(39.0, 9801380.0)	(40.0, 503158.0)
SRR10215680_1_val_1	(16.0, 1.0)	(17.0, 4.0)	(18.0, 23.0)	(19.0, 120.0)	(20.0, 477.0)	(21.0, 1725.0)	(22.0, 5164.0)	(23.0, 13057.0)	(24.0, 30770.0)	(25.0, 66631.0)	(26.0, 131568.0)	(27.0, 233091.0)	(28.0, 379657.0)	(29.0, 574700.0)	(30.0, 818875.0)	(31.0, 1166246.0)	(32.0, 1713565.0)	(33.0, 2929876.0)	(34.0, 7665168.0)	(35.0, 18351849.0)													
SRR10215680_2_val_2	(6.0, 3.0)	(7.0, 3.0)	(8.0, 6.0)	(9.0, 9.0)	(10.0, 13.0)	(11.0, 17.0)	(12.0, 16.0)	(13.0, 30.0)	(14.0, 412.0)	(15.0, 1497.0)	(16.0, 3209.0)	(17.0, 6337.0)	(18.0, 11689.0)	(19.0, 20239.0)	(20.0, 34447.0)	(21.0, 53202.0)	(22.0, 79451.0)	(23.0, 114198.0)	(24.0, 161394.0)	(25.0, 226760.0)	(26.0, 312175.0)	(27.0, 423571.0)	(28.0, 565777.0)	(29.0, 748160.0)	(30.0, 991592.0)	(31.0, 1345849.0)	(32.0, 1939848.0)	(33.0, 3167848.0)	(34.0, 7517606.0)	(35.0, 16357209.0)			
SRR10215681_1_val_1	(15.0, 1.0)	(16.0, 0.0)	(17.0, 2.0)	(18.0, 15.0)	(19.0, 69.0)	(20.0, 402.0)	(21.0, 1517.0)	(22.0, 4880.0)	(23.0, 13062.0)	(24.0, 31353.0)	(25.0, 68660.0)	(26.0, 134020.0)	(27.0, 239876.0)	(28.0, 387669.0)	(29.0, 585432.0)	(30.0, 828885.0)	(31.0, 1169250.0)	(32.0, 1688905.0)	(33.0, 2839742.0)	(34.0, 7741911.0)	(35.0, 25145834.0)												
SRR10215681_2_val_2	(6.0, 1.0)	(7.0, 4.0)	(8.0, 9.0)	(9.0, 10.0)	(10.0, 26.0)	(11.0, 19.0)	(12.0, 36.0)	(13.0, 38.0)	(14.0, 254.0)	(15.0, 1085.0)	(16.0, 2973.0)	(17.0, 5945.0)	(18.0, 10386.0)	(19.0, 17323.0)	(20.0, 29559.0)	(21.0, 48360.0)	(22.0, 75596.0)	(23.0, 115624.0)	(24.0, 171271.0)	(25.0, 245620.0)	(26.0, 338637.0)	(27.0, 453181.0)	(28.0, 592651.0)	(29.0, 763970.0)	(30.0, 976836.0)	(31.0, 1288229.0)	(32.0, 1812810.0)	(33.0, 2954416.0)	(34.0, 7630241.0)	(35.0, 23346375.0)			
SRR10215682_1_val_1	(16.0, 2.0)	(17.0, 1.0)	(18.0, 18.0)	(19.0, 96.0)	(20.0, 452.0)	(21.0, 2413.0)	(22.0, 11152.0)	(23.0, 38785.0)	(24.0, 106707.0)	(25.0, 234184.0)	(26.0, 432580.0)	(27.0, 695903.0)	(28.0, 1008288.0)	(29.0, 1349963.0)	(30.0, 1711465.0)	(31.0, 2099773.0)	(32.0, 2547327.0)	(33.0, 3110113.0)	(34.0, 3861684.0)	(35.0, 4911644.0)	(36.0, 6554341.0)	(37.0, 9126485.0)	(38.0, 10263171.0)	(39.0, 6111124.0)	(40.0, 228819.0)								
SRR10215682_2_val_2	(12.0, 1.0)	(13.0, 3.0)	(14.0, 9.0)	(15.0, 40.0)	(16.0, 136.0)	(17.0, 387.0)	(18.0, 1423.0)	(19.0, 6625.0)	(20.0, 46563.0)	(21.0, 119818.0)	(22.0, 221935.0)	(23.0, 337762.0)	(24.0, 457849.0)	(25.0, 579188.0)	(26.0, 702831.0)	(27.0, 832096.0)	(28.0, 980041.0)	(29.0, 1155779.0)	(30.0, 1378694.0)	(31.0, 1681908.0)	(32.0, 2082363.0)	(33.0, 2632563.0)	(34.0, 3422815.0)	(35.0, 4548142.0)	(36.0, 6346982.0)	(37.0, 9189981.0)	(38.0, 10692075.0)	(39.0, 6795887.0)	(40.0, 192594.0)				
SRR10215683_1_val_1	(16.0, 1.0)	(17.0, 0.0)	(18.0, 4.0)	(19.0, 25.0)	(20.0, 170.0)	(21.0, 827.0)	(22.0, 3634.0)	(23.0, 12438.0)	(24.0, 34524.0)	(25.0, 79226.0)	(26.0, 152357.0)	(27.0, 258354.0)	(28.0, 391701.0)	(29.0, 551663.0)	(30.0, 736904.0)	(31.0, 954863.0)	(32.0, 1233776.0)	(33.0, 1623399.0)	(34.0, 2241728.0)	(35.0, 3214331.0)	(36.0, 5115504.0)	(37.0, 9311007.0)	(38.0, 13939975.0)	(39.0, 11307250.0)	(40.0, 705951.0)								
SRR10215683_2_val_2	(11.0, 1.0)	(12.0, 1.0)	(13.0, 0.0)	(14.0, 11.0)	(15.0, 29.0)	(16.0, 66.0)	(17.0, 242.0)	(18.0, 784.0)	(19.0, 3133.0)	(20.0, 20107.0)	(21.0, 49336.0)	(22.0, 87401.0)	(23.0, 133627.0)	(24.0, 182200.0)	(25.0, 235480.0)	(26.0, 292961.0)	(27.0, 354859.0)	(28.0, 428619.0)	(29.0, 516891.0)	(30.0, 634303.0)	(31.0, 800137.0)	(32.0, 1033506.0)	(33.0, 1381405.0)	(34.0, 1976739.0)	(35.0, 2929845.0)	(36.0, 4912318.0)	(37.0, 9280424.0)	(38.0, 14173588.0)	(39.0, 11956570.0)	(40.0, 485029.0)			
SRR10215684_1_val_1	(14.0, 1.0)	(15.0, 0.0)	(16.0, 1.0)	(17.0, 7.0)	(18.0, 40.0)	(19.0, 222.0)	(20.0, 1035.0)	(21.0, 4165.0)	(22.0, 14766.0)	(23.0, 42362.0)	(24.0, 96304.0)	(25.0, 185034.0)	(26.0, 313470.0)	(27.0, 483381.0)	(28.0, 690882.0)	(29.0, 931315.0)	(30.0, 1204639.0)	(31.0, 1523236.0)	(32.0, 1902871.0)	(33.0, 2399045.0)	(34.0, 3128062.0)	(35.0, 4207877.0)	(36.0, 6171054.0)	(37.0, 10094086.0)	(38.0, 14270318.0)	(39.0, 12157549.0)	(40.0, 677605.0)						
SRR10215684_2_val_2	(12.0, 5.0)	(13.0, 28.0)	(14.0, 100.0)	(15.0, 318.0)	(16.0, 869.0)	(17.0, 2401.0)	(18.0, 6135.0)	(19.0, 16050.0)	(20.0, 61236.0)	(21.0, 130560.0)	(22.0, 214397.0)	(23.0, 302818.0)	(24.0, 391195.0)	(25.0, 478729.0)	(26.0, 569925.0)	(27.0, 673090.0)	(28.0, 786986.0)	(29.0, 921032.0)	(30.0, 1102329.0)	(31.0, 1355944.0)	(32.0, 1721248.0)	(33.0, 2221448.0)	(34.0, 2992274.0)	(35.0, 4128537.0)	(36.0, 6153334.0)	(37.0, 9986753.0)	(38.0, 13892499.0)	(39.0, 11931987.0)	(40.0, 457100.0)				
SRR10215685_1_val_1	(16.0, 1.0)	(17.0, 2.0)	(18.0, 11.0)	(19.0, 55.0)	(20.0, 364.0)	(21.0, 1685.0)	(22.0, 7539.0)	(23.0, 26479.0)	(24.0, 72110.0)	(25.0, 159161.0)	(26.0, 297857.0)	(27.0, 484410.0)	(28.0, 711071.0)	(29.0, 962973.0)	(30.0, 1235528.0)	(31.0, 1529125.0)	(32.0, 1866745.0)	(33.0, 2279248.0)	(34.0, 2834011.0)	(35.0, 3583362.0)	(36.0, 4772460.0)	(37.0, 6750342.0)	(38.0, 8382039.0)	(39.0, 6197948.0)	(40.0, 246310.0)								
SRR10215685_2_val_2	(13.0, 3.0)	(14.0, 12.0)	(15.0, 59.0)	(16.0, 161.0)	(17.0, 477.0)	(18.0, 1692.0)	(19.0, 6960.0)	(20.0, 38723.0)	(21.0, 96821.0)	(22.0, 174561.0)	(23.0, 259372.0)	(24.0, 346814.0)	(25.0, 436111.0)	(26.0, 527153.0)	(27.0, 625366.0)	(28.0, 735741.0)	(29.0, 870627.0)	(30.0, 1046568.0)	(31.0, 1279332.0)	(32.0, 1586717.0)	(33.0, 1995933.0)	(34.0, 2578571.0)	(35.0, 3387241.0)	(36.0, 4660050.0)	(37.0, 6722569.0)	(38.0, 8412080.0)	(39.0, 6421393.0)	(40.0, 189729.0)					
SRR10215686_1_val_1	(18.0, 4.0)	(19.0, 31.0)	(20.0, 78.0)	(21.0, 347.0)	(22.0, 1388.0)	(23.0, 4346.0)	(24.0, 11524.0)	(25.0, 25357.0)	(26.0, 46545.0)	(27.0, 77499.0)	(28.0, 119198.0)	(29.0, 172318.0)	(30.0, 237582.0)	(31.0, 321254.0)	(32.0, 434659.0)	(33.0, 604431.0)	(34.0, 924438.0)	(35.0, 1561496.0)	(36.0, 2773586.0)	(37.0, 5136486.0)	(38.0, 7905723.0)	(39.0, 7390966.0)	(40.0, 544095.0)										
SRR10215686_2_val_2	(9.0, 2.0)	(10.0, 7.0)	(11.0, 25.0)	(12.0, 56.0)	(13.0, 65.0)	(14.0, 101.0)	(15.0, 164.0)	(16.0, 244.0)	(17.0, 455.0)	(18.0, 921.0)	(19.0, 2952.0)	(20.0, 12129.0)	(21.0, 25953.0)	(22.0, 43870.0)	(23.0, 62755.0)	(24.0, 85046.0)	(25.0, 108844.0)	(26.0, 134923.0)	(27.0, 164407.0)	(28.0, 196667.0)	(29.0, 237040.0)	(30.0, 291591.0)	(31.0, 366628.0)	(32.0, 473557.0)	(33.0, 638027.0)	(34.0, 940387.0)	(35.0, 1507639.0)	(36.0, 2591650.0)	(37.0, 4678751.0)	(38.0, 7391343.0)	(39.0, 8000731.0)	(40.0, 336421.0)	
SRR10215687_1_val_1	(16.0, 1.0)	(17.0, 2.0)	(18.0, 2.0)	(19.0, 23.0)	(20.0, 106.0)	(21.0, 467.0)	(22.0, 1768.0)	(23.0, 5416.0)	(24.0, 14179.0)	(25.0, 30462.0)	(26.0, 56586.0)	(27.0, 93388.0)	(28.0, 141163.0)	(29.0, 201283.0)	(30.0, 277357.0)	(31.0, 368710.0)	(32.0, 496382.0)	(33.0, 686676.0)	(34.0, 1038592.0)	(35.0, 1726798.0)	(36.0, 3048283.0)	(37.0, 5759019.0)	(38.0, 9184714.0)	(39.0, 8583831.0)	(40.0, 607633.0)								
SRR10215687_2_val_2	(9.0, 1.0)	(10.0, 6.0)	(11.0, 35.0)	(12.0, 53.0)	(13.0, 60.0)	(14.0, 95.0)	(15.0, 165.0)	(16.0, 264.0)	(17.0, 448.0)	(18.0, 886.0)	(19.0, 2640.0)	(20.0, 11448.0)	(21.0, 24111.0)	(22.0, 41321.0)	(23.0, 60626.0)	(24.0, 82407.0)	(25.0, 106828.0)	(26.0, 134317.0)	(27.0, 163923.0)	(28.0, 199088.0)	(29.0, 242068.0)	(30.0, 301619.0)	(31.0, 381763.0)	(32.0, 498616.0)	(33.0, 677571.0)	(34.0, 1006879.0)	(35.0, 1619259.0)	(36.0, 2800149.0)	(37.0, 5214699.0)	(38.0, 8723416.0)	(39.0, 9603917.0)	(40.0, 424163.0)	
SRR10215688_1_val_1	(18.0, 5.0)	(19.0, 28.0)	(20.0, 157.0)	(21.0, 846.0)	(22.0, 3734.0)	(23.0, 12939.0)	(24.0, 36141.0)	(25.0, 81887.0)	(26.0, 159877.0)	(27.0, 270060.0)	(28.0, 414545.0)	(29.0, 588292.0)	(30.0, 790579.0)	(31.0, 1031583.0)	(32.0, 1324827.0)	(33.0, 1722306.0)	(34.0, 2334211.0)	(35.0, 3294274.0)	(36.0, 5074072.0)	(37.0, 8882008.0)	(38.0, 14457832.0)	(39.0, 13563427.0)	(40.0, 826663.0)										
SRR10215688_2_val_2	(12.0, 1.0)	(13.0, 5.0)	(14.0, 5.0)	(15.0, 34.0)	(16.0, 118.0)	(17.0, 309.0)	(18.0, 1048.0)	(19.0, 4285.0)	(20.0, 24575.0)	(21.0, 58150.0)	(22.0, 102429.0)	(23.0, 153453.0)	(24.0, 207210.0)	(25.0, 266663.0)	(26.0, 329705.0)	(27.0, 400804.0)	(28.0, 482020.0)	(29.0, 579758.0)	(30.0, 710810.0)	(31.0, 891834.0)	(32.0, 1142114.0)	(33.0, 1506856.0)	(34.0, 2105315.0)	(35.0, 3067470.0)	(36.0, 4912781.0)	(37.0, 8778460.0)	(38.0, 14376197.0)	(39.0, 14167086.0)	(40.0, 600798.0)				
SRR10215689_1_val_1	(17.0, 4.0)	(18.0, 4.0)	(19.0, 45.0)	(20.0, 165.0)	(21.0, 864.0)	(22.0, 3747.0)	(23.0, 13072.0)	(24.0, 36067.0)	(25.0, 81836.0)	(26.0, 157450.0)	(27.0, 266755.0)	(28.0, 406332.0)	(29.0, 572316.0)	(30.0, 764488.0)	(31.0, 987388.0)	(32.0, 1264613.0)	(33.0, 1637567.0)	(34.0, 2195780.0)	(35.0, 3058472.0)	(36.0, 4638927.0)	(37.0, 7891653.0)	(38.0, 12172626.0)	(39.0, 10908018.0)	(40.0, 604295.0)									
SRR10215689_2_val_2	(13.0, 1.0)	(14.0, 6.0)	(15.0, 23.0)	(16.0, 80.0)	(17.0, 227.0)	(18.0, 828.0)	(19.0, 3333.0)	(20.0, 19746.0)	(21.0, 47709.0)	(22.0, 86061.0)	(23.0, 130604.0)	(24.0, 179668.0)	(25.0, 232696.0)	(26.0, 292239.0)	(27.0, 356818.0)	(28.0, 433040.0)	(29.0, 524266.0)	(30.0, 645350.0)	(31.0, 813030.0)	(32.0, 1043802.0)	(33.0, 1379873.0)	(34.0, 1926469.0)	(35.0, 2808435.0)	(36.0, 4459850.0)	(37.0, 7812130.0)	(38.0, 12327668.0)	(39.0, 11670635.0)	(40.0, 467897.0)					
