Sample	0	1	2	3	4	5	6	7	8	9	10	11	12	13	14	15	16	17	18	19	20	21	22	23	24	25	26	27	28	29	30	31	32	33	34	35	36	37	38	39	40
SRR10215662_1_val_1	(20, 11896.0)	(22, 18221.0)	(24, 37529.0)	(26, 148861.0)	(28, 115234.0)	(30, 117810.0)	(32, 165251.0)	(34, 353298.0)	(36, 706339.0)	(38, 946581.0)	(40, 1620365.0)	(42, 1743427.0)	(44, 1567581.0)	(46, 1254133.0)	(48, 1122297.0)	(50, 1542100.0)	(52, 1620934.0)	(54, 1350668.0)	(56, 1129765.0)	(58, 986394.0)	(60, 1090920.0)	(62, 1201903.0)	(64, 1168773.0)	(66, 1095921.0)	(68, 919771.0)	(70, 963561.0)	(72, 1070673.0)	(74, 1017074.0)	(76, 862882.0)	(78, 796287.0)	(80, 827389.0)	(82, 886027.0)	(84, 859977.0)	(86, 803642.0)	(88, 757553.0)	(90, 804051.0)	(92, 919950.0)	(94, 1112642.0)	(96, 2196369.0)	(98, 14042668.0)	(100, 30568086.0)
SRR10215662_2_val_2	(20, 99745.0)	(22, 101731.0)	(24, 115397.0)	(26, 226151.0)	(28, 199116.0)	(30, 212660.0)	(32, 259619.0)	(34, 451276.0)	(36, 802484.0)	(38, 1043611.0)	(40, 1713045.0)	(42, 1832089.0)	(44, 1658850.0)	(46, 1345830.0)	(48, 1216929.0)	(50, 1580335.0)	(52, 1646524.0)	(54, 1394610.0)	(56, 1180951.0)	(58, 1041092.0)	(60, 1143460.0)	(62, 1254194.0)	(64, 1221503.0)	(66, 1149420.0)	(68, 971854.0)	(70, 1016000.0)	(72, 1124480.0)	(74, 1068317.0)	(76, 955234.0)	(78, 867901.0)	(80, 892385.0)	(82, 948478.0)	(84, 919184.0)	(86, 854918.0)	(88, 799500.0)	(90, 840112.0)	(92, 931096.0)	(94, 1078135.0)	(96, 2133285.0)	(98, 13417023.0)	(100, 28816279.0)
SRR10215663_1_val_1	(20, 23341.0)	(22, 32072.0)	(24, 51934.0)	(26, 168008.0)	(28, 132458.0)	(30, 141593.0)	(32, 183345.0)	(34, 353444.0)	(36, 663803.0)	(38, 883923.0)	(40, 1502604.0)	(42, 1608234.0)	(44, 1414090.0)	(46, 1100106.0)	(48, 982737.0)	(50, 1355521.0)	(52, 1432965.0)	(54, 1166747.0)	(56, 970584.0)	(58, 842097.0)	(60, 935365.0)	(62, 1037830.0)	(64, 995008.0)	(66, 927686.0)	(68, 759868.0)	(70, 789262.0)	(72, 897040.0)	(74, 860346.0)	(76, 668336.0)	(78, 627298.0)	(80, 662819.0)	(82, 733336.0)	(84, 714138.0)	(86, 678423.0)	(88, 664487.0)	(90, 733361.0)	(92, 823905.0)	(94, 977672.0)	(96, 2039954.0)	(98, 11870695.0)	(100, 24338098.0)
SRR10215663_2_val_2	(20, 68917.0)	(22, 71200.0)	(24, 84208.0)	(26, 190259.0)	(28, 163492.0)	(30, 175599.0)	(32, 212232.0)	(34, 380378.0)	(36, 694192.0)	(38, 907229.0)	(40, 1524023.0)	(42, 1615433.0)	(44, 1412495.0)	(46, 1111779.0)	(48, 1000768.0)	(50, 1335619.0)	(52, 1404734.0)	(54, 1155349.0)	(56, 962635.0)	(58, 830942.0)	(60, 919650.0)	(62, 1015688.0)	(64, 977089.0)	(66, 907233.0)	(68, 741517.0)	(70, 772429.0)	(72, 872758.0)	(74, 831332.0)	(76, 742173.0)	(78, 665351.0)	(80, 692286.0)	(82, 754988.0)	(84, 724239.0)	(86, 678995.0)	(88, 635147.0)	(90, 671515.0)	(92, 739703.0)	(94, 868580.0)	(96, 1807197.0)	(98, 11491359.0)	(100, 24933821.0)
SRR10215664_1_val_1	(20, 18078.0)	(22, 26897.0)	(24, 44159.0)	(26, 172106.0)	(28, 134307.0)	(30, 121259.0)	(32, 144123.0)	(34, 320439.0)	(36, 687617.0)	(38, 867459.0)	(40, 1171390.0)	(42, 1090632.0)	(44, 1039999.0)	(46, 950888.0)	(48, 843728.0)	(50, 1004244.0)	(52, 977279.0)	(54, 849136.0)	(56, 785935.0)	(58, 715458.0)	(60, 711827.0)	(62, 744538.0)	(64, 725313.0)	(66, 715190.0)	(68, 623477.0)	(70, 594241.0)	(72, 632382.0)	(74, 611162.0)	(76, 523001.0)	(78, 512696.0)	(80, 504182.0)	(82, 528470.0)	(84, 516652.0)	(86, 495790.0)	(88, 478137.0)	(90, 492839.0)	(92, 520470.0)	(94, 568396.0)	(96, 923814.0)	(98, 5228871.0)	(100, 9736462.0)
SRR10215664_2_val_2	(20, 24642.0)	(22, 25837.0)	(24, 35202.0)	(26, 151846.0)	(28, 118531.0)	(30, 104056.0)	(32, 122227.0)	(34, 297250.0)	(36, 669211.0)	(38, 846368.0)	(40, 1153796.0)	(42, 1062274.0)	(44, 1008078.0)	(46, 930204.0)	(48, 823232.0)	(50, 976643.0)	(52, 950793.0)	(54, 827958.0)	(56, 767362.0)	(58, 693307.0)	(60, 689541.0)	(62, 718729.0)	(64, 704548.0)	(66, 691401.0)	(68, 604756.0)	(70, 578924.0)	(72, 614497.0)	(74, 592628.0)	(76, 551731.0)	(78, 523177.0)	(80, 510752.0)	(82, 532414.0)	(84, 517062.0)	(86, 491428.0)	(88, 460530.0)	(90, 462367.0)	(92, 479132.0)	(94, 519408.0)	(96, 841981.0)	(98, 5263607.0)	(100, 10415613.0)
SRR10215665_1_val_1	(20, 22483.0)	(22, 31428.0)	(24, 56304.0)	(26, 233134.0)	(28, 168849.0)	(30, 151575.0)	(32, 167318.0)	(34, 359547.0)	(36, 796468.0)	(38, 1051868.0)	(40, 1599374.0)	(42, 1528087.0)	(44, 1409649.0)	(46, 1309980.0)	(48, 1159206.0)	(50, 1504691.0)	(52, 1500298.0)	(54, 1228561.0)	(56, 1118152.0)	(58, 1057605.0)	(60, 1086992.0)	(62, 1142196.0)	(64, 1017196.0)	(66, 1087912.0)	(68, 877316.0)	(70, 861839.0)	(72, 910356.0)	(74, 864955.0)	(76, 738288.0)	(78, 721269.0)	(80, 724723.0)	(82, 793531.0)	(84, 839962.0)	(86, 805690.0)	(88, 771882.0)	(90, 798559.0)	(92, 847760.0)	(94, 917767.0)	(96, 1526373.0)	(98, 8980233.0)	(100, 17055913.0)
SRR10215665_2_val_2	(20, 44305.0)	(22, 45128.0)	(24, 58992.0)	(26, 221903.0)	(28, 164773.0)	(30, 147219.0)	(32, 156629.0)	(34, 345601.0)	(36, 788005.0)	(38, 1038473.0)	(40, 1588421.0)	(42, 1500054.0)	(44, 1373908.0)	(46, 1289965.0)	(48, 1138252.0)	(50, 1470196.0)	(52, 1466664.0)	(54, 1203278.0)	(56, 1096404.0)	(58, 1032439.0)	(60, 1061953.0)	(62, 1108571.0)	(64, 989837.0)	(66, 1052852.0)	(68, 849213.0)	(70, 838142.0)	(72, 876778.0)	(74, 828895.0)	(76, 773371.0)	(78, 734418.0)	(80, 734045.0)	(82, 803412.0)	(84, 847164.0)	(86, 806437.0)	(88, 756484.0)	(90, 768728.0)	(92, 802892.0)	(94, 874365.0)	(96, 1451293.0)	(98, 8958541.0)	(100, 17737289.0)
SRR10215666_1_val_1	(20, 8336.0)	(22, 13066.0)	(24, 30397.0)	(26, 179982.0)	(28, 132340.0)	(30, 138190.0)	(32, 221978.0)	(34, 520387.0)	(36, 907746.0)	(38, 1058788.0)	(40, 1715877.0)	(42, 1789063.0)	(44, 1531440.0)	(46, 1188089.0)	(48, 1009663.0)	(50, 1384362.0)	(52, 1490985.0)	(54, 1168107.0)	(56, 936984.0)	(58, 790746.0)	(60, 879464.0)	(62, 975055.0)	(64, 914286.0)	(66, 824830.0)	(68, 677647.0)	(70, 708045.0)	(72, 788331.0)	(74, 732031.0)	(76, 610158.0)	(78, 546740.0)	(80, 563344.0)	(82, 600515.0)	(84, 594391.0)	(86, 541835.0)	(88, 485143.0)	(90, 498452.0)	(92, 545619.0)	(94, 641433.0)	(96, 1545602.0)	(98, 11504518.0)	(100, 25710648.0)
SRR10215666_2_val_2	(20, 46298.0)	(22, 46750.0)	(24, 59313.0)	(26, 209215.0)	(28, 162197.0)	(30, 169763.0)	(32, 254391.0)	(34, 553756.0)	(36, 941210.0)	(38, 1094036.0)	(40, 1752579.0)	(42, 1826279.0)	(44, 1569141.0)	(46, 1222667.0)	(48, 1045868.0)	(50, 1397191.0)	(52, 1497562.0)	(54, 1183436.0)	(56, 954923.0)	(58, 808960.0)	(60, 897923.0)	(62, 992388.0)	(64, 928361.0)	(66, 831226.0)	(68, 678705.0)	(70, 710733.0)	(72, 792238.0)	(74, 740378.0)	(76, 647343.0)	(78, 575354.0)	(80, 590923.0)	(82, 646338.0)	(84, 700228.0)	(86, 574841.0)	(88, 503410.0)	(90, 516018.0)	(92, 565110.0)	(94, 655235.0)	(96, 1534744.0)	(98, 11239435.0)	(100, 24988147.0)
SRR10215667_1_val_1	(20, 7212.0)	(22, 11061.0)	(24, 22921.0)	(26, 97625.0)	(28, 75731.0)	(30, 78347.0)	(32, 129019.0)	(34, 298785.0)	(36, 528650.0)	(38, 625514.0)	(40, 989123.0)	(42, 1046608.0)	(44, 925167.0)	(46, 730866.0)	(48, 639443.0)	(50, 857932.0)	(52, 917279.0)	(54, 739749.0)	(56, 607143.0)	(58, 518799.0)	(60, 573750.0)	(62, 633595.0)	(64, 596831.0)	(66, 539523.0)	(68, 456030.0)	(70, 478432.0)	(72, 528472.0)	(74, 498788.0)	(76, 416726.0)	(78, 379023.0)	(80, 389664.0)	(82, 419782.0)	(84, 409742.0)	(86, 383399.0)	(88, 360178.0)	(90, 384236.0)	(92, 444798.0)	(94, 547920.0)	(96, 1109524.0)	(98, 7103960.0)	(100, 15440698.0)
SRR10215667_2_val_2	(20, 43229.0)	(22, 44206.0)	(24, 52337.0)	(26, 127111.0)	(28, 107313.0)	(30, 114287.0)	(32, 165420.0)	(34, 335921.0)	(36, 564972.0)	(38, 663008.0)	(40, 1025186.0)	(42, 1080428.0)	(44, 960522.0)	(46, 766298.0)	(48, 676163.0)	(50, 870506.0)	(52, 924962.0)	(54, 755616.0)	(56, 625771.0)	(58, 538110.0)	(60, 592371.0)	(62, 652518.0)	(64, 616564.0)	(66, 559429.0)	(68, 474146.0)	(70, 495482.0)	(72, 547524.0)	(74, 517196.0)	(76, 457360.0)	(78, 407661.0)	(80, 415811.0)	(82, 443338.0)	(84, 430866.0)	(86, 399483.0)	(88, 369583.0)	(90, 387325.0)	(92, 431410.0)	(94, 507203.0)	(96, 1058183.0)	(98, 6876422.0)	(100, 14860804.0)
SRR10215668_1_val_1	(20, 10603.0)	(22, 15895.0)	(24, 34763.0)	(26, 152993.0)	(28, 99012.0)	(30, 99783.0)	(32, 181052.0)	(34, 489196.0)	(36, 913120.0)	(38, 1034485.0)	(40, 1592558.0)	(42, 1707677.0)	(44, 1617164.0)	(46, 1336249.0)	(48, 1166821.0)	(50, 1533547.0)	(52, 1574290.0)	(54, 1359094.0)	(56, 1152342.0)	(58, 999914.0)	(60, 1079811.0)	(62, 1170193.0)	(64, 1172245.0)	(66, 1132886.0)	(68, 948097.0)	(70, 979926.0)	(72, 1079855.0)	(74, 1017990.0)	(76, 884289.0)	(78, 819120.0)	(80, 852416.0)	(82, 872433.0)	(84, 827297.0)	(86, 772210.0)	(88, 719676.0)	(90, 754861.0)	(92, 819183.0)	(94, 924943.0)	(96, 1525869.0)	(98, 8927451.0)	(100, 18799728.0)
SRR10215668_2_val_2	(20, 66938.0)	(22, 68186.0)	(24, 80876.0)	(26, 197030.0)	(28, 148829.0)	(30, 157346.0)	(32, 237881.0)	(34, 547944.0)	(36, 967498.0)	(38, 1089869.0)	(40, 1644356.0)	(42, 1755351.0)	(44, 1663664.0)	(46, 1384787.0)	(48, 1217857.0)	(50, 1545260.0)	(52, 1577098.0)	(54, 1374981.0)	(56, 1172543.0)	(58, 1021888.0)	(60, 1099917.0)	(62, 1190255.0)	(64, 1192860.0)	(66, 1153120.0)	(68, 966031.0)	(70, 998648.0)	(72, 1097114.0)	(74, 1034393.0)	(76, 931987.0)	(78, 850753.0)	(80, 879107.0)	(82, 897199.0)	(84, 848342.0)	(86, 785684.0)	(88, 726875.0)	(90, 755447.0)	(92, 798584.0)	(94, 876055.0)	(96, 1467203.0)	(98, 8684919.0)	(100, 17996362.0)
SRR10215669_1_val_1	(20, 4087.0)	(22, 6836.0)	(24, 13649.0)	(26, 68313.0)	(28, 55177.0)	(30, 58335.0)	(32, 80252.0)	(34, 180712.0)	(36, 357583.0)	(38, 465744.0)	(40, 775870.0)	(42, 842191.0)	(44, 791895.0)	(46, 634020.0)	(48, 543738.0)	(50, 731437.0)	(52, 771332.0)	(54, 659735.0)	(56, 547221.0)	(58, 468965.0)	(60, 509626.0)	(62, 573538.0)	(64, 564300.0)	(66, 521708.0)	(68, 430224.0)	(70, 448144.0)	(72, 507965.0)	(74, 479610.0)	(76, 407401.0)	(78, 368365.0)	(80, 385737.0)	(82, 410781.0)	(84, 399218.0)	(86, 364845.0)	(88, 328264.0)	(90, 338808.0)	(92, 365684.0)	(94, 408969.0)	(96, 781823.0)	(98, 5243202.0)	(100, 11310052.0)
SRR10215669_2_val_2	(20, 23585.0)	(22, 23885.0)	(24, 28278.0)	(26, 82560.0)	(28, 69772.0)	(30, 74427.0)	(32, 96781.0)	(34, 197384.0)	(36, 374344.0)	(38, 483546.0)	(40, 793713.0)	(42, 860661.0)	(44, 809943.0)	(46, 650115.0)	(48, 561341.0)	(50, 735871.0)	(52, 773181.0)	(54, 665800.0)	(56, 554985.0)	(58, 476292.0)	(60, 517214.0)	(62, 580029.0)	(64, 569510.0)	(66, 523483.0)	(68, 428757.0)	(70, 447499.0)	(72, 508027.0)	(74, 481968.0)	(76, 425100.0)	(78, 381187.0)	(80, 397900.0)	(82, 430346.0)	(84, 445805.0)	(86, 378275.0)	(88, 334709.0)	(90, 345192.0)	(92, 372043.0)	(94, 412054.0)	(96, 773951.0)	(98, 5125152.0)	(100, 10990691.0)
SRR10215670_1_val_1	(20, 11039.0)	(22, 15799.0)	(24, 34227.0)	(26, 261101.0)	(28, 163481.0)	(30, 158968.0)	(32, 263654.0)	(34, 711896.0)	(36, 1373352.0)	(38, 1599494.0)	(40, 2256305.0)	(42, 2357495.0)	(44, 2218753.0)	(46, 1880651.0)	(48, 1644745.0)	(50, 1954807.0)	(52, 1981732.0)	(54, 1718573.0)	(56, 1472684.0)	(58, 1290089.0)	(60, 1329056.0)	(62, 1399812.0)	(64, 1351297.0)	(66, 1287540.0)	(68, 1087803.0)	(70, 1065043.0)	(72, 1162501.0)	(74, 1084124.0)	(76, 948369.0)	(78, 888126.0)	(80, 889355.0)	(82, 912744.0)	(84, 865361.0)	(86, 798732.0)	(88, 727824.0)	(90, 733281.0)	(92, 754243.0)	(94, 801275.0)	(96, 1265784.0)	(98, 7878395.0)	(100, 16579009.0)
SRR10215670_2_val_2	(20, 43249.0)	(22, 43077.0)	(24, 55201.0)	(26, 279893.0)	(28, 184331.0)	(30, 180482.0)	(32, 286323.0)	(34, 734043.0)	(36, 1394322.0)	(38, 1623088.0)	(40, 2281712.0)	(42, 2382024.0)	(44, 2241351.0)	(46, 1900572.0)	(48, 1666007.0)	(50, 1957686.0)	(52, 1979200.0)	(54, 1721764.0)	(56, 1478702.0)	(58, 1295966.0)	(60, 1335119.0)	(62, 1405811.0)	(64, 1354376.0)	(66, 1284042.0)	(68, 1080678.0)	(70, 1060471.0)	(72, 1158870.0)	(74, 1084222.0)	(76, 972574.0)	(78, 903677.0)	(80, 903265.0)	(82, 937356.0)	(84, 932319.0)	(86, 813560.0)	(88, 732453.0)	(90, 737317.0)	(92, 756614.0)	(94, 796663.0)	(96, 1245558.0)	(98, 7723019.0)	(100, 16231562.0)
SRR10215671_1_val_1	(20, 17460.0)	(22, 22514.0)	(24, 31664.0)	(26, 128104.0)	(28, 106357.0)	(30, 112834.0)	(32, 122394.0)	(34, 237686.0)	(36, 486534.0)	(38, 690000.0)	(40, 1233849.0)	(42, 1271842.0)	(44, 1007632.0)	(46, 837495.0)	(48, 736834.0)	(50, 1050625.0)	(52, 1198265.0)	(54, 899715.0)	(56, 739149.0)	(58, 651108.0)	(60, 743658.0)	(62, 841189.0)	(64, 790077.0)	(66, 735183.0)	(68, 589306.0)	(70, 605259.0)	(72, 709662.0)	(74, 662510.0)	(76, 548996.0)	(78, 510621.0)	(80, 520359.0)	(82, 583919.0)	(84, 592657.0)	(86, 554293.0)	(88, 515351.0)	(90, 537789.0)	(92, 595019.0)	(94, 669393.0)	(96, 1249194.0)	(98, 7947333.0)	(100, 15746322.0)
SRR10215671_2_val_2	(20, 29776.0)	(22, 30248.0)	(24, 35462.0)	(26, 122807.0)	(28, 105977.0)	(30, 111910.0)	(32, 116143.0)	(34, 228942.0)	(36, 482981.0)	(38, 681952.0)	(40, 1228812.0)	(42, 1255730.0)	(44, 985477.0)	(46, 828284.0)	(48, 726284.0)	(50, 1030627.0)	(52, 1176693.0)	(54, 882936.0)	(56, 721571.0)	(58, 633065.0)	(60, 724637.0)	(62, 818444.0)	(64, 770357.0)	(66, 706793.0)	(68, 570209.0)	(70, 589323.0)	(72, 689973.0)	(74, 641271.0)	(76, 576626.0)	(78, 521539.0)	(80, 528055.0)	(82, 589304.0)	(84, 595498.0)	(86, 551962.0)	(88, 497992.0)	(90, 506678.0)	(92, 552282.0)	(94, 624355.0)	(96, 1159912.0)	(98, 7857643.0)	(100, 16341621.0)
SRR10215672_1_val_1	(20, 16382.0)	(22, 21099.0)	(24, 31241.0)	(26, 106938.0)	(28, 103249.0)	(30, 108881.0)	(32, 117213.0)	(34, 211101.0)	(36, 400000.0)	(38, 621681.0)	(40, 1163058.0)	(42, 1112868.0)	(44, 917834.0)	(46, 730416.0)	(48, 652019.0)	(50, 939141.0)	(52, 1038684.0)	(54, 813848.0)	(56, 646026.0)	(58, 558899.0)	(60, 635119.0)	(62, 756096.0)	(64, 700215.0)	(66, 613949.0)	(68, 490180.0)	(70, 498717.0)	(72, 598430.0)	(74, 578610.0)	(76, 459943.0)	(78, 419002.0)	(80, 434769.0)	(82, 502774.0)	(84, 513706.0)	(86, 476797.0)	(88, 442507.0)	(90, 466668.0)	(92, 520850.0)	(94, 603020.0)	(96, 1161329.0)	(98, 7722790.0)	(100, 15273574.0)
SRR10215672_2_val_2	(20, 34222.0)	(22, 34314.0)	(24, 39189.0)	(26, 107311.0)	(28, 107683.0)	(30, 114244.0)	(32, 117142.0)	(34, 209816.0)	(36, 402066.0)	(38, 621043.0)	(40, 1165640.0)	(42, 1101436.0)	(44, 901801.0)	(46, 726901.0)	(48, 646046.0)	(50, 922442.0)	(52, 1021273.0)	(54, 799525.0)	(56, 633690.0)	(58, 544632.0)	(60, 620981.0)	(62, 738764.0)	(64, 688389.0)	(66, 592879.0)	(68, 472725.0)	(70, 485798.0)	(72, 581798.0)	(74, 560398.0)	(76, 486626.0)	(78, 431084.0)	(80, 443428.0)	(82, 509730.0)	(84, 518150.0)	(86, 477036.0)	(88, 430096.0)	(90, 441957.0)	(92, 484747.0)	(94, 567127.0)	(96, 1097431.0)	(98, 7618899.0)	(100, 15681164.0)
SRR10215673_1_val_1	(20, 16622.0)	(22, 21334.0)	(24, 31167.0)	(26, 105186.0)	(28, 101688.0)	(30, 108820.0)	(32, 116886.0)	(34, 205942.0)	(36, 383286.0)	(38, 591255.0)	(40, 1093268.0)	(42, 1088160.0)	(44, 878324.0)	(46, 711711.0)	(48, 632035.0)	(50, 931620.0)	(52, 1038064.0)	(54, 781279.0)	(56, 634977.0)	(58, 551565.0)	(60, 639217.0)	(62, 757318.0)	(64, 685150.0)	(66, 599580.0)	(68, 493802.0)	(70, 506375.0)	(72, 606863.0)	(74, 585023.0)	(76, 467745.0)	(78, 428553.0)	(80, 441675.0)	(82, 500994.0)	(84, 504247.0)	(86, 468310.0)	(88, 438928.0)	(90, 464291.0)	(92, 519292.0)	(94, 601750.0)	(96, 1157076.0)	(98, 7664340.0)	(100, 15154833.0)
SRR10215673_2_val_2	(20, 35169.0)	(22, 34821.0)	(24, 39393.0)	(26, 105888.0)	(28, 105838.0)	(30, 113637.0)	(32, 116132.0)	(34, 204204.0)	(36, 385818.0)	(38, 590668.0)	(40, 1094717.0)	(42, 1076795.0)	(44, 861327.0)	(46, 707241.0)	(48, 625943.0)	(50, 914005.0)	(52, 1019512.0)	(54, 766256.0)	(56, 621835.0)	(58, 535895.0)	(60, 624391.0)	(62, 740038.0)	(64, 672089.0)	(66, 578797.0)	(68, 477748.0)	(70, 493699.0)	(72, 590928.0)	(74, 567847.0)	(76, 497186.0)	(78, 442249.0)	(80, 450770.0)	(82, 508030.0)	(84, 508620.0)	(86, 467870.0)	(88, 425577.0)	(90, 438410.0)	(92, 482161.0)	(94, 562384.0)	(96, 1087541.0)	(98, 7575008.0)	(100, 15562114.0)
SRR10215674_1_val_1	(20, 12853.0)	(22, 18976.0)	(24, 42513.0)	(26, 173068.0)	(28, 108959.0)	(30, 113095.0)	(32, 155994.0)	(34, 370520.0)	(36, 794847.0)	(38, 1055586.0)	(40, 1816957.0)	(42, 1892493.0)	(44, 1721753.0)	(46, 1486936.0)	(48, 1364410.0)	(50, 1911685.0)	(52, 1945285.0)	(54, 1556544.0)	(56, 1335018.0)	(58, 1169081.0)	(60, 1295028.0)	(62, 1403260.0)	(64, 1373154.0)	(66, 1348192.0)	(68, 1091560.0)	(70, 1132720.0)	(72, 1253479.0)	(74, 1173184.0)	(76, 1032975.0)	(78, 957426.0)	(80, 1010756.0)	(82, 1030666.0)	(84, 958109.0)	(86, 899770.0)	(88, 843495.0)	(90, 887820.0)	(92, 961435.0)	(94, 1075953.0)	(96, 1763909.0)	(98, 10303530.0)	(100, 21264650.0)
SRR10215674_2_val_2	(20, 70944.0)	(22, 72092.0)	(24, 88226.0)	(26, 215857.0)	(28, 157501.0)	(30, 169694.0)	(32, 212198.0)	(34, 428734.0)	(36, 850025.0)	(38, 1111808.0)	(40, 1869214.0)	(42, 1941219.0)	(44, 1771968.0)	(46, 1535782.0)	(48, 1414399.0)	(50, 1921711.0)	(52, 1945904.0)	(54, 1572176.0)	(56, 1355317.0)	(58, 1191945.0)	(60, 1315089.0)	(62, 1423808.0)	(64, 1395114.0)	(66, 1369922.0)	(68, 1110422.0)	(70, 1151788.0)	(72, 1272773.0)	(74, 1191446.0)	(76, 1088541.0)	(78, 995008.0)	(80, 1040865.0)	(82, 1057993.0)	(84, 980892.0)	(86, 912427.0)	(88, 847233.0)	(90, 883755.0)	(92, 931233.0)	(94, 1006758.0)	(96, 1681147.0)	(98, 10005343.0)	(100, 20549373.0)
SRR10215675_1_val_1	(20, 39429.0)	(22, 49864.0)	(24, 88363.0)	(26, 326791.0)	(28, 199563.0)	(30, 221853.0)	(32, 282757.0)	(34, 583860.0)	(36, 1187320.0)	(38, 1581520.0)	(40, 2807640.0)	(42, 2879437.0)	(44, 2521216.0)	(46, 2136549.0)	(48, 1945976.0)	(50, 2815876.0)	(52, 2884539.0)	(54, 2189091.0)	(56, 1869995.0)	(58, 1632628.0)	(60, 1831071.0)	(62, 2000156.0)	(64, 1905828.0)	(66, 1884760.0)	(68, 1473804.0)	(70, 1527404.0)	(72, 1702685.0)	(74, 1597127.0)	(76, 1334982.0)	(78, 1250661.0)	(80, 1330237.0)	(82, 1382011.0)	(84, 1299002.0)	(86, 1228594.0)	(88, 1172272.0)	(90, 1266159.0)	(92, 1356673.0)	(94, 1483040.0)	(96, 2576568.0)	(98, 14098026.0)	(100, 27177416.0)
SRR10215675_2_val_2	(20, 95355.0)	(22, 97932.0)	(24, 126126.0)	(26, 338751.0)	(28, 232193.0)	(30, 257493.0)	(32, 304693.0)	(34, 605545.0)	(36, 1217878.0)	(38, 1593897.0)	(40, 2823890.0)	(42, 2871682.0)	(44, 2501852.0)	(46, 2135394.0)	(48, 1948634.0)	(50, 2775622.0)	(52, 2834013.0)	(54, 2161466.0)	(56, 1843488.0)	(58, 1603073.0)	(60, 1799671.0)	(62, 1956502.0)	(64, 1876223.0)	(66, 1848938.0)	(68, 1439471.0)	(70, 1501822.0)	(72, 1665432.0)	(74, 1555794.0)	(76, 1424225.0)	(78, 1294005.0)	(80, 1362596.0)	(82, 1403948.0)	(84, 1309191.0)	(86, 1226905.0)	(88, 1131237.0)	(90, 1188467.0)	(92, 1249727.0)	(94, 1350528.0)	(96, 2301715.0)	(98, 13680413.0)	(100, 28186956.0)
SRR10215676_1_val_1	(20, 1255.0)	(21, 2742.0)	(22, 1440.0)	(23, 6735.0)	(24, 11068.0)	(25, 40700.0)	(26, 64075.0)	(27, 34904.0)	(28, 29641.0)	(29, 30628.0)	(30, 30083.0)	(31, 37492.0)	(32, 47841.0)	(33, 86961.0)	(34, 162070.0)	(35, 308777.0)	(36, 457123.0)	(37, 638068.0)	(38, 1307703.0)	(39, 2751409.0)	(40, 5466054.0)	(41, 6454617.0)	(42, 24759533.0)																		
SRR10215676_2_val_2	(20, 3989.0)	(21, 5460.0)	(22, 3952.0)	(23, 8921.0)	(24, 12767.0)	(25, 40173.0)	(26, 65943.0)	(27, 36163.0)	(28, 31873.0)	(29, 33399.0)	(30, 33638.0)	(31, 42285.0)	(32, 52807.0)	(33, 93033.0)	(34, 169927.0)	(35, 315633.0)	(36, 473939.0)	(37, 668518.0)	(38, 1353687.0)	(39, 2817795.0)	(40, 5522613.0)	(41, 6588649.0)	(42, 24355755.0)																		
SRR10215677_1_val_1	(20, 1438.0)	(21, 2980.0)	(22, 2354.0)	(23, 11141.0)	(24, 27145.0)	(25, 108762.0)	(26, 159849.0)	(27, 92392.0)	(28, 73389.0)	(29, 76400.0)	(30, 72326.0)	(31, 84783.0)	(32, 109364.0)	(33, 202666.0)	(34, 383045.0)	(35, 712891.0)	(36, 989473.0)	(37, 1205311.0)	(38, 1938102.0)	(39, 3462246.0)	(40, 6216036.0)	(41, 6892679.0)	(42, 22378950.0)																		
SRR10215677_2_val_2	(20, 4296.0)	(21, 6165.0)	(22, 5319.0)	(23, 14098.0)	(24, 29732.0)	(25, 105610.0)	(26, 163092.0)	(27, 92898.0)	(28, 75903.0)	(29, 79039.0)	(30, 77151.0)	(31, 91014.0)	(32, 117166.0)	(33, 212633.0)	(34, 398561.0)	(35, 717875.0)	(36, 1012614.0)	(37, 1252511.0)	(38, 2015219.0)	(39, 3616062.0)	(40, 6334295.0)	(41, 7013284.0)	(42, 21769185.0)																		
SRR10215678_1_val_1	(20, 5348.0)	(22, 7134.0)	(24, 17287.0)	(26, 130344.0)	(28, 101120.0)	(30, 104728.0)	(32, 140022.0)	(34, 344327.0)	(36, 705677.0)	(38, 949899.0)	(40, 1558545.0)	(42, 1611359.0)	(44, 1413054.0)	(46, 1134123.0)	(48, 990827.0)	(50, 1330740.0)	(52, 1380867.0)	(54, 1102795.0)	(56, 906074.0)	(58, 780639.0)	(60, 847409.0)	(62, 937406.0)	(64, 882281.0)	(66, 807071.0)	(68, 669028.0)	(70, 675810.0)	(72, 762165.0)	(74, 711888.0)	(76, 616447.0)	(78, 562664.0)	(80, 568673.0)	(82, 598180.0)	(84, 569680.0)	(86, 516548.0)	(88, 467971.0)	(90, 472786.0)	(92, 498752.0)	(94, 551468.0)	(96, 1065469.0)	(98, 7385159.0)	(100, 15827475.0)
SRR10215678_2_val_2	(20, 14092.0)	(22, 14628.0)	(24, 22084.0)	(26, 133522.0)	(28, 105977.0)	(30, 108824.0)	(32, 143278.0)	(34, 347217.0)	(36, 707877.0)	(38, 952893.0)	(40, 1561520.0)	(42, 1614213.0)	(44, 1416117.0)	(46, 1137520.0)	(48, 996111.0)	(50, 1329991.0)	(52, 1376553.0)	(54, 1101284.0)	(56, 908198.0)	(58, 781256.0)	(60, 848186.0)	(62, 939024.0)	(64, 882930.0)	(66, 806397.0)	(68, 665151.0)	(70, 673047.0)	(72, 759192.0)	(74, 710010.0)	(76, 626269.0)	(78, 566677.0)	(80, 571976.0)	(82, 602770.0)	(84, 574093.0)	(86, 520012.0)	(88, 470222.0)	(90, 472383.0)	(92, 495082.0)	(94, 544982.0)	(96, 1025578.0)	(98, 7227809.0)	(100, 15954294.0)
SRR10215679_1_val_1	(20, 2620.0)	(22, 3763.0)	(24, 10623.0)	(26, 98077.0)	(28, 74236.0)	(30, 72938.0)	(32, 97481.0)	(34, 246785.0)	(36, 499790.0)	(38, 665832.0)	(40, 1056774.0)	(42, 1071049.0)	(44, 933274.0)	(46, 742119.0)	(48, 637043.0)	(50, 832650.0)	(52, 851855.0)	(54, 676626.0)	(56, 550020.0)	(58, 472385.0)	(60, 507129.0)	(62, 550918.0)	(64, 514655.0)	(66, 465342.0)	(68, 384906.0)	(70, 386890.0)	(72, 432289.0)	(74, 400370.0)	(76, 346155.0)	(78, 314649.0)	(80, 315027.0)	(82, 328671.0)	(84, 313151.0)	(86, 282454.0)	(88, 251922.0)	(90, 252041.0)	(92, 265144.0)	(94, 288518.0)	(96, 558448.0)	(98, 3898195.0)	(100, 8444897.0)
SRR10215679_2_val_2	(20, 10310.0)	(22, 10905.0)	(24, 16688.0)	(26, 103107.0)	(28, 80671.0)	(30, 79195.0)	(32, 103380.0)	(34, 252433.0)	(36, 504440.0)	(38, 670437.0)	(40, 1060353.0)	(42, 1074523.0)	(44, 937204.0)	(46, 747094.0)	(48, 642973.0)	(50, 833490.0)	(52, 850175.0)	(54, 677397.0)	(56, 553332.0)	(58, 475086.0)	(60, 510060.0)	(62, 553834.0)	(64, 517027.0)	(66, 467670.0)	(68, 385386.0)	(70, 387589.0)	(72, 432729.0)	(74, 401664.0)	(76, 353095.0)	(78, 318876.0)	(80, 319545.0)	(82, 333902.0)	(84, 318327.0)	(86, 287822.0)	(88, 258330.0)	(90, 258250.0)	(92, 271118.0)	(94, 297062.0)	(96, 551205.0)	(98, 3792502.0)	(100, 8398525.0)
SRR10215680_1_val_1	(20, 934.0)	(21, 2105.0)	(22, 1176.0)	(23, 5738.0)	(24, 11058.0)	(25, 40414.0)	(26, 63254.0)	(27, 31320.0)	(28, 25353.0)	(29, 26431.0)	(30, 27297.0)	(31, 36039.0)	(32, 50238.0)	(33, 93689.0)	(34, 167743.0)	(35, 296082.0)	(36, 424171.0)	(37, 578871.0)	(38, 1143060.0)	(39, 2339724.0)	(40, 4457465.0)	(41, 5229556.0)	(42, 19030849.0)																		
SRR10215680_2_val_2	(20, 3096.0)	(21, 4380.0)	(22, 3365.0)	(23, 7595.0)	(24, 12397.0)	(25, 41155.0)	(26, 66367.0)	(27, 33760.0)	(28, 27908.0)	(29, 29325.0)	(30, 30759.0)	(31, 40234.0)	(32, 54561.0)	(33, 96814.0)	(34, 174048.0)	(35, 300293.0)	(36, 435334.0)	(37, 595949.0)	(38, 1161204.0)	(39, 2356884.0)	(40, 4581403.0)	(41, 5537348.0)	(42, 18488388.0)																		
SRR10215681_1_val_1	(20, 1316.0)	(21, 2674.0)	(22, 1550.0)	(23, 7184.0)	(24, 13439.0)	(25, 47503.0)	(26, 75284.0)	(27, 37346.0)	(28, 30289.0)	(29, 31454.0)	(30, 32178.0)	(31, 42063.0)	(32, 56320.0)	(33, 100477.0)	(34, 177244.0)	(35, 309059.0)	(36, 444034.0)	(37, 616125.0)	(38, 1269355.0)	(39, 2683020.0)	(40, 5232601.0)	(41, 6198977.0)	(42, 23471993.0)																		
SRR10215681_2_val_2	(20, 4099.0)	(21, 5749.0)	(22, 4298.0)	(23, 9891.0)	(24, 15750.0)	(25, 47645.0)	(26, 77974.0)	(27, 39555.0)	(28, 33347.0)	(29, 35268.0)	(30, 36302.0)	(31, 47718.0)	(32, 61255.0)	(33, 107797.0)	(34, 185596.0)	(35, 316694.0)	(36, 461296.0)	(37, 646643.0)	(38, 1315119.0)	(39, 2736850.0)	(40, 5295364.0)	(41, 6340033.0)	(42, 23057242.0)																		
SRR10215682_1_val_1	(20, 21400.0)	(22, 27862.0)	(24, 41733.0)	(26, 122638.0)	(28, 100607.0)	(30, 113848.0)	(32, 133690.0)	(34, 242578.0)	(36, 463343.0)	(38, 697879.0)	(40, 1423660.0)	(42, 1384447.0)	(44, 1129352.0)	(46, 943368.0)	(48, 853944.0)	(50, 1327731.0)	(52, 1430797.0)	(54, 1054835.0)	(56, 854636.0)	(58, 741888.0)	(60, 882626.0)	(62, 1010037.0)	(64, 902205.0)	(66, 802817.0)	(68, 656994.0)	(70, 681304.0)	(72, 802051.0)	(74, 741753.0)	(76, 571984.0)	(78, 544394.0)	(80, 567114.0)	(82, 637311.0)	(84, 636725.0)	(86, 602205.0)	(88, 583817.0)	(90, 634368.0)	(92, 713020.0)	(94, 829437.0)	(96, 1566170.0)	(98, 9185443.0)	(100, 17744479.0)
SRR10215682_2_val_2	(20, 52941.0)	(22, 54544.0)	(24, 62779.0)	(26, 132344.0)	(28, 119183.0)	(30, 135531.0)	(32, 148663.0)	(34, 256242.0)	(36, 481352.0)	(38, 709218.0)	(40, 1435935.0)	(42, 1384713.0)	(44, 1121454.0)	(46, 947073.0)	(48, 862694.0)	(50, 1307394.0)	(52, 1403982.0)	(54, 1038606.0)	(56, 840742.0)	(58, 724284.0)	(60, 863520.0)	(62, 984880.0)	(64, 882360.0)	(66, 777155.0)	(68, 633597.0)	(70, 661515.0)	(72, 775833.0)	(74, 711090.0)	(76, 622085.0)	(78, 565919.0)	(80, 582735.0)	(82, 647011.0)	(84, 637431.0)	(86, 594719.0)	(88, 552189.0)	(90, 576831.0)	(92, 636293.0)	(94, 733198.0)	(96, 1376701.0)	(98, 8909831.0)	(100, 18461923.0)
SRR10215683_1_val_1	(20, 14204.0)	(22, 18745.0)	(24, 27902.0)	(26, 108162.0)	(28, 91389.0)	(30, 102629.0)	(32, 125100.0)	(34, 247211.0)	(36, 487306.0)	(38, 720640.0)	(40, 1396513.0)	(42, 1392821.0)	(44, 1164219.0)	(46, 936761.0)	(48, 834927.0)	(50, 1246685.0)	(52, 1338281.0)	(54, 996427.0)	(56, 815957.0)	(58, 691624.0)	(60, 805666.0)	(62, 914079.0)	(64, 808626.0)	(66, 718208.0)	(68, 581380.0)	(70, 604335.0)	(72, 699656.0)	(74, 641720.0)	(76, 507723.0)	(78, 477352.0)	(80, 481860.0)	(82, 533333.0)	(84, 532395.0)	(86, 492981.0)	(88, 464987.0)	(90, 491911.0)	(92, 542657.0)	(94, 619314.0)	(96, 1289676.0)	(98, 8825112.0)	(100, 18079138.0)
SRR10215683_2_val_2	(20, 28140.0)	(22, 28805.0)	(24, 35453.0)	(26, 107088.0)	(28, 94940.0)	(30, 106551.0)	(32, 123661.0)	(34, 243866.0)	(36, 488838.0)	(38, 718359.0)	(40, 1397846.0)	(42, 1381861.0)	(44, 1145922.0)	(46, 933678.0)	(48, 830319.0)	(50, 1231993.0)	(52, 1320847.0)	(54, 984393.0)	(56, 803939.0)	(58, 678042.0)	(60, 792463.0)	(62, 896105.0)	(64, 793587.0)	(66, 694299.0)	(68, 565859.0)	(70, 592543.0)	(72, 684748.0)	(74, 624794.0)	(76, 535569.0)	(78, 489440.0)	(80, 491147.0)	(82, 541057.0)	(84, 536436.0)	(86, 491089.0)	(88, 449228.0)	(90, 460809.0)	(92, 500403.0)	(94, 574841.0)	(96, 1192105.0)	(98, 8675807.0)	(100, 18602742.0)
SRR10215684_1_val_1	(20, 7965.0)	(22, 12736.0)	(24, 27466.0)	(26, 183436.0)	(28, 151521.0)	(30, 139400.0)	(32, 229486.0)	(34, 594353.0)	(36, 1119953.0)	(38, 1338263.0)	(40, 1823607.0)	(42, 1840172.0)	(44, 1793809.0)	(46, 1504420.0)	(48, 1301539.0)	(50, 1513630.0)	(52, 1501344.0)	(54, 1347289.0)	(56, 1158298.0)	(58, 1008706.0)	(60, 1025809.0)	(62, 1084900.0)	(64, 1048645.0)	(66, 968234.0)	(68, 829020.0)	(70, 819225.0)	(72, 891207.0)	(74, 836365.0)	(76, 724535.0)	(78, 670505.0)	(80, 671930.0)	(82, 692518.0)	(84, 674568.0)	(86, 621759.0)	(88, 569317.0)	(90, 573598.0)	(92, 609369.0)	(94, 678262.0)	(96, 1285212.0)	(98, 8517984.0)	(100, 18108972.0)
SRR10215684_2_val_2	(20, 39283.0)	(22, 39943.0)	(24, 49306.0)	(26, 203575.0)	(28, 173319.0)	(30, 162573.0)	(32, 254025.0)	(34, 618176.0)	(36, 1143603.0)	(38, 1363676.0)	(40, 1851387.0)	(42, 1867695.0)	(44, 1820536.0)	(46, 1529211.0)	(48, 1327435.0)	(50, 1519815.0)	(52, 1502045.0)	(54, 1355362.0)	(56, 1168129.0)	(58, 1018890.0)	(60, 1036210.0)	(62, 1093910.0)	(64, 1055075.0)	(66, 970051.0)	(68, 824829.0)	(70, 817069.0)	(72, 889780.0)	(74, 838552.0)	(76, 751881.0)	(78, 689212.0)	(80, 688857.0)	(82, 720004.0)	(84, 747053.0)	(86, 641120.0)	(88, 576659.0)	(90, 579483.0)	(92, 615040.0)	(94, 677884.0)	(96, 1262548.0)	(98, 8336703.0)	(100, 17679423.0)
SRR10215685_1_val_1	(20, 14697.0)	(22, 19237.0)	(24, 33256.0)	(26, 146691.0)	(28, 110776.0)	(30, 110416.0)	(32, 165523.0)	(34, 397069.0)	(36, 740594.0)	(38, 921836.0)	(40, 1398238.0)	(42, 1398263.0)	(44, 1280737.0)	(46, 1049345.0)	(48, 910878.0)	(50, 1163296.0)	(52, 1178866.0)	(54, 965510.0)	(56, 821629.0)	(58, 710712.0)	(60, 757333.0)	(62, 815384.0)	(64, 763418.0)	(66, 704553.0)	(68, 584009.0)	(70, 596809.0)	(72, 655019.0)	(74, 614051.0)	(76, 503830.0)	(78, 470106.0)	(80, 474001.0)	(82, 506672.0)	(84, 504367.0)	(86, 475330.0)	(88, 451549.0)	(90, 478975.0)	(92, 521910.0)	(94, 588689.0)	(96, 1066923.0)	(98, 5828749.0)	(100, 11501590.0)
SRR10215685_2_val_2	(20, 38151.0)	(22, 39003.0)	(24, 48804.0)	(26, 153573.0)	(28, 124960.0)	(30, 126449.0)	(32, 176892.0)	(34, 407306.0)	(36, 753167.0)	(38, 928974.0)	(40, 1405135.0)	(42, 1397056.0)	(44, 1273890.0)	(46, 1051120.0)	(48, 915380.0)	(50, 1149463.0)	(52, 1159538.0)	(54, 956441.0)	(56, 814659.0)	(58, 701885.0)	(60, 746860.0)	(62, 800937.0)	(64, 753737.0)	(66, 691180.0)	(68, 572675.0)	(70, 587507.0)	(72, 640349.0)	(74, 597079.0)	(76, 540011.0)	(78, 488025.0)	(80, 487201.0)	(82, 516293.0)	(84, 509089.0)	(86, 475192.0)	(88, 436395.0)	(90, 448124.0)	(92, 482191.0)	(94, 541141.0)	(96, 961633.0)	(98, 5673489.0)	(100, 11829882.0)
SRR10215686_1_val_1	(20, 4620.0)	(22, 4579.0)	(24, 11414.0)	(26, 104549.0)	(28, 62655.0)	(30, 61416.0)	(32, 68181.0)	(34, 203522.0)	(36, 477495.0)	(38, 658344.0)	(40, 1354015.0)	(42, 1062380.0)	(44, 665989.0)	(46, 537591.0)	(48, 477095.0)	(50, 846990.0)	(52, 945607.0)	(54, 517307.0)	(56, 401823.0)	(58, 326826.0)	(60, 394818.0)	(62, 478318.0)	(64, 389875.0)	(66, 328635.0)	(68, 262449.0)	(70, 262967.0)	(72, 303282.0)	(74, 280358.0)	(76, 241091.0)	(78, 211333.0)	(80, 203340.0)	(82, 218946.0)	(84, 218923.0)	(86, 202851.0)	(88, 182273.0)	(90, 175776.0)	(92, 189072.0)	(94, 228508.0)	(96, 641069.0)	(98, 4720647.0)	(100, 9366422.0)
SRR10215686_2_val_2	(20, 18065.0)	(22, 17478.0)	(24, 23979.0)	(26, 116675.0)	(28, 75771.0)	(30, 74492.0)	(32, 81067.0)	(34, 216053.0)	(36, 488385.0)	(38, 668847.0)	(40, 1360220.0)	(42, 1070848.0)	(44, 675971.0)	(46, 548397.0)	(48, 488939.0)	(50, 848806.0)	(52, 944006.0)	(54, 520772.0)	(56, 408424.0)	(58, 332794.0)	(60, 400874.0)	(62, 483722.0)	(64, 395424.0)	(66, 333849.0)	(68, 266388.0)	(70, 267838.0)	(72, 307110.0)	(74, 284704.0)	(76, 253753.0)	(78, 221617.0)	(80, 213773.0)	(82, 229880.0)	(84, 230637.0)	(86, 215429.0)	(88, 195244.0)	(90, 189501.0)	(92, 205168.0)	(94, 249303.0)	(96, 641311.0)	(98, 4556285.0)	(100, 9171552.0)
SRR10215687_1_val_1	(20, 5237.0)	(22, 5142.0)	(24, 13150.0)	(26, 113483.0)	(28, 69282.0)	(30, 72871.0)	(32, 84215.0)	(34, 226702.0)	(36, 485339.0)	(38, 667364.0)	(40, 1432728.0)	(42, 1219824.0)	(44, 785754.0)	(46, 604440.0)	(48, 520854.0)	(50, 947899.0)	(52, 1092401.0)	(54, 612784.0)	(56, 464684.0)	(58, 368468.0)	(60, 454655.0)	(62, 555894.0)	(64, 458567.0)	(66, 378853.0)	(68, 296013.0)	(70, 305152.0)	(72, 366725.0)	(74, 333525.0)	(76, 281166.0)	(78, 241499.0)	(80, 236851.0)	(82, 260618.0)	(84, 259327.0)	(86, 236217.0)	(88, 206771.0)	(90, 200271.0)	(92, 222118.0)	(94, 268907.0)	(96, 726540.0)	(98, 5326669.0)	(100, 10913882.0)
SRR10215687_2_val_2	(20, 18616.0)	(22, 17607.0)	(24, 24712.0)	(26, 124679.0)	(28, 81405.0)	(30, 84376.0)	(32, 95481.0)	(34, 238597.0)	(36, 495057.0)	(38, 677247.0)	(40, 1439726.0)	(42, 1227318.0)	(44, 794645.0)	(46, 614586.0)	(48, 531800.0)	(50, 949665.0)	(52, 1090094.0)	(54, 615612.0)	(56, 470639.0)	(58, 373858.0)	(60, 459929.0)	(62, 560785.0)	(64, 463788.0)	(66, 383239.0)	(68, 298988.0)	(70, 308739.0)	(72, 369333.0)	(74, 337527.0)	(76, 294616.0)	(78, 251119.0)	(80, 246758.0)	(82, 271289.0)	(84, 269691.0)	(86, 247322.0)	(88, 219363.0)	(90, 212770.0)	(92, 235259.0)	(94, 286017.0)	(96, 720931.0)	(98, 5154225.0)	(100, 10765433.0)
SRR10215688_1_val_1	(20, 15632.0)	(22, 21761.0)	(24, 39584.0)	(26, 206730.0)	(28, 147780.0)	(30, 148870.0)	(32, 209523.0)	(34, 471958.0)	(36, 841901.0)	(38, 964545.0)	(40, 1561914.0)	(42, 1691763.0)	(44, 1471646.0)	(46, 1104266.0)	(48, 917436.0)	(50, 1255903.0)	(52, 1408633.0)	(54, 1124078.0)	(56, 918103.0)	(58, 767755.0)	(60, 860730.0)	(62, 960275.0)	(64, 932441.0)	(66, 850318.0)	(68, 668445.0)	(70, 690484.0)	(72, 794674.0)	(74, 750915.0)	(76, 600530.0)	(78, 542514.0)	(80, 561906.0)	(82, 623093.0)	(84, 625933.0)	(86, 568391.0)	(88, 510916.0)	(90, 536070.0)	(92, 594950.0)	(94, 674433.0)	(96, 1357411.0)	(98, 8339752.0)	(100, 17536331.0)
SRR10215688_2_val_2	(20, 33038.0)	(22, 34890.0)	(24, 47733.0)	(26, 208127.0)	(28, 153281.0)	(30, 153752.0)	(32, 211078.0)	(34, 469590.0)	(36, 843708.0)	(38, 964249.0)	(40, 1561882.0)	(42, 1680381.0)	(44, 1452078.0)	(46, 1101127.0)	(48, 916038.0)	(50, 1237623.0)	(52, 1389824.0)	(54, 1112089.0)	(56, 907369.0)	(58, 755230.0)	(60, 847552.0)	(62, 942706.0)	(64, 918045.0)	(66, 832685.0)	(68, 655580.0)	(70, 680613.0)	(72, 781872.0)	(74, 736435.0)	(76, 635442.0)	(78, 559904.0)	(80, 575937.0)	(82, 635914.0)	(84, 634260.0)	(86, 571159.0)	(88, 501200.0)	(90, 512904.0)	(92, 562423.0)	(94, 640759.0)	(96, 1276183.0)	(98, 8226527.0)	(100, 17909106.0)
SRR10215689_1_val_1	(20, 13504.0)	(22, 19130.0)	(24, 34993.0)	(26, 176799.0)	(28, 125949.0)	(30, 126574.0)	(32, 178568.0)	(34, 401670.0)	(36, 713498.0)	(38, 814649.0)	(40, 1320894.0)	(42, 1439722.0)	(44, 1279362.0)	(46, 966240.0)	(48, 831944.0)	(50, 1123803.0)	(52, 1226986.0)	(54, 984874.0)	(56, 817110.0)	(58, 693445.0)	(60, 743372.0)	(62, 861553.0)	(64, 832911.0)	(66, 750193.0)	(68, 585411.0)	(70, 595297.0)	(72, 689028.0)	(74, 661267.0)	(76, 527664.0)	(78, 472667.0)	(80, 481697.0)	(82, 540276.0)	(84, 552721.0)	(86, 506400.0)	(88, 459904.0)	(90, 479197.0)	(92, 536852.0)	(94, 614774.0)	(96, 1211336.0)	(98, 7225533.0)	(100, 15044717.0)
SRR10215689_2_val_2	(20, 31572.0)	(22, 32251.0)	(24, 42832.0)	(26, 178907.0)	(28, 131269.0)	(30, 132293.0)	(32, 181400.0)	(34, 401431.0)	(36, 716020.0)	(38, 815949.0)	(40, 1320698.0)	(42, 1427927.0)	(44, 1260170.0)	(46, 961840.0)	(48, 829843.0)	(50, 1106909.0)	(52, 1208231.0)	(54, 972810.0)	(56, 807252.0)	(58, 681557.0)	(60, 731032.0)	(62, 847129.0)	(64, 822729.0)	(66, 736895.0)	(68, 571585.0)	(70, 584506.0)	(72, 673965.0)	(74, 644560.0)	(76, 558833.0)	(78, 488071.0)	(80, 493914.0)	(82, 550015.0)	(84, 559776.0)	(86, 508394.0)	(88, 450606.0)	(90, 459456.0)	(92, 507149.0)	(94, 583664.0)	(96, 1152431.0)	(98, 7153361.0)	(100, 15343252.0)
